68721573960,256
2260596980449280,2
19136520,128
550829588544,128
592,96
295488,128
4398182826048,128
150999552,256
35184376545280,24
4466782769152,128
1100587466752,48
68719542280,96
8589939264,256
35802847641600,64
35184372352000,24
68853960704,128
281474993782784,96
282643207815168,72
1210057216,128
2251870680645632,4
1224736776,128
17180131840,48
618475327488,256
8796093087744,6
1649269538816,16
4406636445698,48
68719477824,96
35184372351496,64
17180131336,48
9814671360,128
9663680520,128
4398047035904,8
1207996416,128
549772627968,256
33587264,96
2256206450393088,16
35734127935489,128
2251799813951489,32
35192962285632,64
2256747616010241,32
4399120318464,24
8858402816,96
35185479385088,24
16777737,256
550831915008,64
8589967488,96
4423816314880,8
36284017934336,48
2286984185778184,32
2286984185774208,12
281543696187401,192
281474993750528,96
549755883520,96
35184506307080,128
281681135140864,12
549755822144,96
5497558142976,48
4399122350088,64
281474976743496,192
274432,8
285873023222280,96
268730368,48
35193113018368,128
16810056,256
8796097216512,6
1099513729024,96
2149842944,8
68721840128,128
70377468329984,16
549755912192,16
146028888576,96
1073750080,48
549760012288,96
285874096963585,48
562949970198592,48
549757915200,256
281483568746496,192
562958543355905,48
137438953544,96
35321811304448,24
551097991168,48
618609508353,256
4194320,36
8590200840,128
549772591680,256
137438953600,36
550829817920,64
281474993750024,96
4466765988360,128
4399137030152,64
68736254465,256
1090519042,48
2251816993554440,24
33345,256
8606711873,256
268435528,96
17179869704,96
35193096241664,128
8590229512,128
290271069733376,12
1075875840,128
8606712832,96
4398047039488,8
2533275864399872,12
35185582145536,64
35184374448136,64
138512728064,48
33619968,36
150995520,256
8724185096,256
1076101128,64
137438954496,36
2286984319991816,32
35802847379968,128
8726249536,256
35734262124544,128
2252358159437824,64
2256206450130945,32
550829556225,128
598134325510208,24
618609770496,128
2537672839004160,24
281485714128896,12
35184372154376,48
281543696191489,192
1099511889984,48
2251799816044608,32
2251799815847936,24
4398046773824,64
2256747616010248,32
281552302899200,192
77309444104,256
2251799830724609,32
4948876067328,64
1108101562880,96
2533274790658049,24
281474993488385,192
281476050452545,96
19136576,128
2251799818141696,12
35184372088842,48
2251816993816576,12
8796093059072,16
70866993152,16
77309673473,128
1208221697,64
2252349569761281,32
2286984336769024,32
282024732532736,72
316659348800064,96
2533275864137792,24
43980465111104,8
35185462608384,64
282093452263424,96
2533276937879552,3
285941742698497,96
285881747374080,96
4406770663488,128
35321811046400,48
567348134150144,24
77443891200,128
35253091569665,128
549757911616,256
2256197860200960,32
136315393,256
549774688320,256
39582418862081,32
16875520,16
16778304,96
2533274790396928,18
281475110993920,72
35184372088961,48
137439248384,48
4466765991944,128
77309673536,128
2251808537837632,64
10737422336,16
2533343509872641,48
16810049,256
558362529792,256
316660422545408,48
550829555784,128
1078198272,24
5016656019456,128
4398046512136,48
35184390967296,128
78383185920,128
1108235780096,96
1100719587328,48
618475814912,16
79456894976,16
136314882,96
134742528,16
282574488338433,72
549756080136,128
285216768,96
33816577,48
68719477264,96
70368878395400,16
8804682960896,16
1073742856,48
69696,96
4398180728848,48
74766790692864,8
281475245146113,72
35184372089472,48
9663676432,48
8592293952,128
151028224,256
562949986975744,18
627082002432,256
2281701888,16
2252358293651456,64
68719510528,96
1207959568,48
2149580808,16
558479966216,256
35184372383808,64
4399120252993,64
102400,16
167776256,96
2533275864170496,24
844426003873792,2
68719481856,96
35184372125704,128
17039362,48
68721836544,128
8589934609,96
558347846144,256
281474977234952,12
8796093022217,16
4399120253952,24
2251800887427144,32
2251799814210048,4
32904,96
2251808537837576,64
2251869606904320,32
4398048673792,48
562949953454081,48
68855791680,256
4406770663425,128
549772624384,256
130,36
2251808403623937,64
68736253968,96
150995016,256
39582418633216,64
281474995585025,192
281474976710848,12
35651648,96
35253091598848,128
68753035264,96
2251808420429824,64
4415226413056,48
8594132992,96
70918500024320,16
8592064576,256
68736258056,256
2251799948165128,32
8726511616,128
39583492603904,16
1073807872,48
562950089736192,48
39591008534529,64
2256747616010752,32
549755814913,96
35184372093441,128
36283900493824,48
2251816993554496,24
562949953425920,48
2251799830462480,24
1099511631936,96
70368744182272,16
282574488371200,72
35184378380288,8
551903559680,8
549756112896,128
2251799947902978,24
35184640524352,48
16810497,256
68736254528,256
549772853249,128
618475323456,256
35184389128200,64
35192962028032,128
1090519105,128
2251799813718025,64
2251801021644808,32
549755854848,96
68720001536,16
316659349094400,48
627065225728,256
285873159536640,96
5497692356608,48
1089,96
65608,96
18907137,256
35734127903296,128
2251799813685825,64
627065225280,256
2256197860196361,32
549890032129,256
4198401,96
4948876066824,64
1207960576,48
68738351105,256
4947819102720,128
549755846721,256
562951027163648,24
281543696711680,12
281474976748032,192
17181999104,96
8724152392,256
2256197876973576,32
4398180729408,128
2252418288975936,64
282024732790784,96
2251800082124800,24
2256266579677184,32
35184372122176,128
2251799813685832,64
281483566645768,192
4398048903168,64
4535485464577,48
282024734654464,192
687194800128,96
285874096963592,48
134218368,96
4398180991040,64
69793481216,64
549772656640,96
35184391225344,64
35192978804736,128
2256197862555648,16
281484640649216,48
262168,8
4398047035456,8
281474977234945,12
281492156841984,36
2251799813948416,12
281474976972928,36
137439219712,48
8728346624,96
4398046511170,48
2251868684156928,64
316728202493952,96
1208254464,64
2287535015329792,16
290272143474688,6
35734127903744,48
549892390912,128
281474976710736,72
8589946880,16
4113,96
36873,256
4398197510144,128
39591008534536,64
8589942848,96
281476050485760,96
69795315720,128
281474976710792,72
77326188552,256
8606712328,256
282033322459144,192
2251799813951496,32
68855795712,256
2129985,256
136577025,128
35184390963208,128
316728085053440,96
134742017,16
1476395008,8
2256198011191296,32
2286984185778240,32
1073741890,48
70368744178177,16
285873023222336,96
66560,36
2359816,128
4398050705472,48
549755822592,96
2251799813693448,24
2533343644090368,48
2251801961172992,4
563499726012416,48
549755846672,96
2251799947907136,64
2251877123358720,32
2252349703749632,64
8589934721,96
562949953945600,3
567416719409152,24
8592031753,256
35734127902785,128
77309444608,256
8623489025,96
39651140173824,64
19169280,128
2251868535259200,64
2251808403619912,64
2537672836907009,24
281477124456448,6
1649284218880,16
35185445834816,64
285873023254529,96
281483568742401,192
1224736769,128
2286984319991809,32
2256197860196368,12
1099645845568,96
4399120257025,64
2147488256,16
2295780278796288,2
8798240505856,1
33587208,96
69793480768,64
2251799832563712,64
144,36
2251868533162049,64
9663676425,128
70369817919496,8
35184372089024,8
35652096,96
2149613568,16
35184640557056,48
8858370560,96
8796093317120,8
168034304,48
35742717841408,128
70368744210433,16
549755879432,96
70368746536960,8
2260604496642048,4
316728068308992,96
19137024,128
549756084224,48
268701696,48
549772591113,256
39582418600001,64
4475355922496,128
549755814017,96
4406787440640,128
68719477320,256
549890068480,256
1075843073,128
8797300981760,8
1099515822080,36
16781328,96
549772623880,256
563499711332352,48
268436480,36
35185445834753,64
70368744185856,6
2251809477361665,32
68987912200,96
549756080129,128
2286984320024576,32
4398046515265,128
2256197862293505,32
549756076104,128
281612417761280,72
2251799814209544,4
4535485464584,48
4406636445705,128
2359305,128
5121,96
136318984,256
35184388866624,128
327744,48
33554560,36
17181970432,96
4415226642432,24
562952100904960,3
2252349586276360,64
281483566645376,72
9354438770688,16
2252349569499264,24
70368760954944,16
70368744701952,1
549755817986,96
2251937252671488,24
68854218752,16
2251800889524288,32
550829818368,64
68853760000,96
2256197860491264,16
8797166796800,8
35201551990784,48
282033324556288,192
35194035765312,64
2252349569499656,64
2287053039468544,32
2251868533194816,64
4398050705409,48
68719514112,256
549756076608,128
150995968,96
2256747616272384,16
549755847176,256
68721574401,256
35184506372096,48
550846365696,128
77577846784,96
5497558401024,24
4407710449664,32
8724156417,256
562950087639048,48
618492100608,256
281543700381696,72
35192962024000,128
549890031681,256
2291382232285696,16
2621952,16
2256197860459008,16
2251799815782409,64
281621005598720,72
1207963649,128
4231168,96
4399254474752,64
549773115392,16
35192962056704,128
1099511628352,96
281543696449600,96
8864829276160,16
2252349569761344,32
2251799813689360,24
2251799813722176,64
8796109803520,16
286422779035712,96
2251800887492608,12
134219264,16
1076363264,8
2251799948169216,32
9680454144,128
575525617664,16
566935715840,96
68721836033,128
558479970304,256
281543698546688,96
35735203741696,64
281474977005569,96
9663709185,128
8858370112,96
70883737600,16
39582687035392,24
8592293896,128
281483583422465,192
2533274790396424,48
618475291137,256
562949955518465,48
559419490312,128
134480448,128
562967133290496,18
8590197760,48
4475355922944,128
18907144,256
562949970198536,48
316659483017728,96
70368744177736,16
4406636445712,48
16842816,96
2149580864,16
134283272,96
4398180729856,48
70369817952256,8
39591025311744,64
16777296,96
550829588481,128
2251799814209537,4
8208,36
4398048641536,128
549890064896,256
33554448,36
2251868533162056,64
549756338240,16
2256197864390656,12
4407710220288,64
286422795812864,96
879609302220800,2
2260595906707464,4
1099511660608,96
2251877257314304,64
153092097,256
281483566649352,192
35192962031616,48
150999041,256
8796095381504,8
35210141892608,8
618477387777,256
35184372093952,48
8589939208,256
35184388874240,48
8590262272,48
2286984202813440,16
77309415936,256
4947804422656,128
35802847379457,128
2251868549943296,64
2251816993554944,24
4398183088128,64
73728,36
2252349569761288,32
2533274790662144,24
2251801038422016,32
281475110928960,192
35261815717888,128
8740929600,256
35751307771904,48
1099645845512,96
2281701440,16
68853694984,256
4398048608832,128
137438958080,96
282024866742784,192
549757915648,256
618475290689,256
68719771649,128
2251868667380224,64
4202496,36
39582418599945,64
8592032257,256
8796095119368,16
558479966720,256
4475355955200,128
2252426878910464,64
8589967936,256
704,16
68719476739,16
4466766024704,128
50331649,16
37440,256
35734144680448,128
2291382234382336,16
2286992775970816,16
8740929537,256
137573171201,96
68719517696,96
2251808420659200,32
281476050453000,96
1073779200,128
281543696453632,96
68719477768,96
8594128960,96
4947936542784,128
68719509513,256
35734144684032,128
2288083697401856,12
137573171712,96
35734128165376,64
9663709192,128
4406772760576,128
150995009,256
2251799830462536,64
4415226380352,48
8606978048,128
281543712964616,192
4398184923136,48
2533343509872704,48
281475110932481,192
8589938760,256
550024249408,96
4406636453888,48
68723671104,96
136347656,256
39582418600064,24
4466770182144,48
69944213504,128
2251799830463488,24
2138112,96
4398180761601,128
17180131329,48
2251799813685272,4
8590458881,16
17314086920,96
2251799964712960,64
4406636478528,128
4399120285704,64
262721,128
2251808405717000,64
33820672,48
35192978801152,128
2147549184,6
4956392259585,128
77311508488,256
4398047035400,8
35184506306562,48
9680457728,128
285873023258624,96
2251800887431176,32
1073754112,8
4947802587137,64
8724152329,256
2533274807177216,48
2251808405716993,64
282024734622208,192
550829850624,64
4398080069632,48
4399137292288,32
2251799830724616,32
560493232128,16
4476429664256,64
35322884784128,24
2569008918298624,24
2251799948197888,32
1099511693312,36
68853989376,128
549890031625,256
2286984185778688,32
4398180765696,128
35254165311488,64
35185445863488,64
35184390963264,128
2251799813719040,24
281475245150208,72
281474976715272,192
528896,16
8589938816,96
35184388866568,128
2251808403882048,32
687194771456,96
2251799832560128,64
2252418291073024,64
137441312768,48
1073742352,48
282024732557320,192
327688,48
281475010527232,36
299072,128
285212736,96
2251800887428096,12
35184657301504,48
2256756205944832,32
2251799813689409,64
153092608,256
36866,96
4398048608776,128
8592031872,96
281475110928400,72
68719738882,48
17181966337,96
2251868533424136,32
35253091565696,48
4398046806017,64
549890064448,256
1208225792,64
8796227244032,16
2251799813952000,32
77328285696,256
17179873281,96
2251799813685377,24
43980481888256,8
39582418632712,64
39583492374528,32
567348000194560,12
1099513724936,96
316659348832768,96
4398046511688,128
2251799947902992,24
281476050518016,36
70368880492544,16
10737418752,16
4398046516224,48
39651272294400,64
35184506830848,8
4398063288385,128
563499709235201,48
8589942785,96
2363904,128
285881629933568,96
562949970199040,48
281474976712192,12
35185448189952,32
8592097280,96
618492067904,256
2252349586276353,64
618475294784,256
2533274792493064,48
2251799834656768,24
549760270336,48
648,96
33800,96
281543698284552,192
2151677952,6
549890031688,256
33816640,48
4399120286208,64
550026346496,96
2251800904204800,32
2533291970265088,18
4399137062912,64
2533274807173184,48
35253092089856,8
35184372092993,128
8592064520,256
2256197860196865,32
4120,16
151003136,96
16777730,96
4948876099584,64
151519232,16
2533275998355456,24
562949953683464,24
8589971464,256
4194432,36
2251800887689728,16
35184388866057,128
2256197862297600,32
36992,96
70987219468288,16
549757911049,256
200,16
4398314947072,48
4398182830080,128
68720001032,16
285881615253504,96
2251799947935752,64
2814749783883776,12
35253091828224,64
299016,128
150995457,256
9345848836104,16
550831652928,128
32,1
619683250176,128
2568459162484800,24
35184374190088,128
281483566907456,96
281474994012160,12
68719489024,16
35192978833408,128
70368744177729,16
281474977038336,36
1090584576,48
281543698288640,192
282162171478016,72
281474976714824,192
1073750024,48
35262755241984,64
2147516417,16
2360320,48
2251799830499328,64
134250624,96
137438990336,96
281476050489344,96
281475127709696,192
598134325772288,12
39582420729856,64
2251868566716416,24
4466799542272,48
4400193995264,8
2287052922028032,32
4466765987905,128
282024866746368,192
551903297600,16
285873157440000,96
618475356160,96
2098688,16
33555456,36
270400,48
5497558138944,48
4947802587144,64
4399120253504,64
2102272,96
1210060800,128
33282,96
70368744443904,8
68853694977,256
558346272768,16
35254165569536,32
2256197860458560,16
2251868533162000,24
35192962285576,64
262336,8
558345753088,256
618492329984,128
8623489536,96
68719771712,128
281474983002112,12
70368748371968,6
137472507904,36
1096,96
2533824546213888,48
8589934665,256
558347845633,256
2251808420397064,64
8796093022224,6
2251799813984256,32
4400193994753,8
17314119680,96
549890035713,256
16781825,256
687194767361,96
281474979102720,96
285474816,48
558362558464,256
321057397407744,48
39592082276352,32
562951027163144,24
78399930368,128
134218760,96
4398046511744,48
2537673910648832,12
4398048608321,128
281483566710784,72
8724156928,256
549772592128,96
8590229568,128
558345814016,96
8796093055040,16
137438957632,96
35185445831169,64
77311770624,128
2251799849336832,24
8796093026312,16
618475323904,256
549756108801,128
2533274792525824,48
35734262120512,128
2286985261613056,16
68721577992,256
35253360001024,48
18253611072,48
4406636478472,128
1080033280,8
563019746639872,24
317209104646144,96
1073745992,128
281474976710785,72
134217731,16
35184506339329,128
1108101562432,96
558345748496,96
2286985259515968,16
562958543355968,48
687194767872,96
331776,48
153092104,256
2251868533428224,32
2814749769203712,12
4466765987842,48
285873039998984,96
134479888,48
2286984186036288,16
2287533941620736,32
549757915137,256
8590229505,128
1207959554,48
562951027163137,24
1099511628800,36
549758173185,128
8592035848,256
1073742912,48
16846848,96
67108864,1
281543832502272,192
146045665280,96
2251869623681024,32
4398046806528,64
35192962285569,64
281475379363840,12
77326192640,256
282034396200960,96
598142915444736,24
35184372097032,48
2251800082120705,24
2256747616010304,32
35734127910912,48
281483566940160,96
70867222528,8
1073742849,48
4398046576648,48
563499709239296,48
18253873152,24
134283776,96
1107329024,48
150994946,96
4947802325568,128
68736516160,128
32848,96
2251799817912320,24
321057412087808,48
1075839104,48
35261681500161,128
2538222592720896,24
134222344,256
2251808405749760,64
2533893265686528,48
1099511627841,96
16781888,256
34304,16
4604204941312,8
2251799813685321,64
286422779068416,96
2286984186068992,16
9663676936,128
17104896,48
281476050456640,96
4225,96
550829817857,64
281474976743944,192
549757915144,256
8796229337088,16
35185714266112,24
2286984319992320,32
4398063353856,48
18875392,96
562958677573632,48
567347999932480,24
35185580048896,64
2533275866234880,24
35184388870152,128
4406638542856,128
35192962318336,64
134218753,96
4535485464640,48
2322168558125056,2
2251868549939208,64
32960,16
35184372158464,48
2147516424,16
35184372121665,128
8740962304,256
4415360598016,48
35184372617216,8
2533283380592640,24
2251799816045056,32
2134024,256
8589934658,96
39583492341824,32
68719476865,96
33352,256
316667938734081,96
295432,128
136380416,96
281483566678528,192
351843855106048,12
4398180729352,128
4398197538816,128
4947802357761,128
35184374219264,128
316659348832257,96
2130496,256
70506183131136,6
4947802326016,48
2251799813685762,24
2251799847501824,12
2252349569503233,64
2147749888,8
281475127738368,192
549755822088,96
16777856,96
2286984188133376,16
69810028544,128
2251808403656704,64
549890293824,128
4964982194176,48
558496743424,256
4227080,96
68753031232,96
285873023254592,96
2252349571596800,64
282025806528512,48
2286984185807360,32
1076133888,64
68853694480,96
2251808403619905,64
2251799815786560,64
70368744243200,6
17179873288,96
4957466001408,64
70368744472576,8
8609071104,128
9663938568,64
282574490435584,72
844433520066560,4
1099511894016,48
5497558138888,48
4398048612353,128
562951029260288,24
134226432,96
151261184,128
8724156480,256
316659365609472,96
9665806336,128
549890035720,256
281474976776704,72
2251868801597440,24
35321945260032,48
35321827819520,48
17039432,128
1099513725440,96
68738355200,256
598134325510656,24
70368746278912,16
68721574016,96
8740933632,256
266760,128
68736286728,256
2251800084217856,24
35184506568705,64
18882560,96
70368744177673,16
1100585369608,48
2533283397107712,48
71001178112,16
8864812499008,16
9895604649984,6
281476184670720,96
2568459162746880,12
2251868535521280,32
281612432441344,72
2533343509873152,48
2533824546471936,24
68753031680,96
35253091565577,128
549755814080,16
35193096503296,64
4194369,96
2251808403886080,32
68857888768,96
2322168557862913,4
35184372355136,64
1207963712,128
4466902302720,128
550831652872,128
68721578048,256
4398180737024,48
2251801961431040,2
8589967369,256
1092616256,128
285873023488000,48
1207959561,128
562949955518976,48
9663741952,48
40200893890560,64
9667870720,48
2256197876973632,32
281544904146944,96
4398180728841,128
558345752577,256
281543712964672,192
402915328,8
281477124194368,12
25770065920,8
2251799813689857,64
68719742977,128
2256197860196928,32
558362525760,256
2251799948427264,4
35253108342848,128
1075839048,128
4398050967552,24
281474976976960,96
2256197862293512,32
281483583422472,192
8797183541248,8
281477124194816,12
281544769929280,96
2252349569503296,64
35185580048448,64
2251800887951360,2
17314086976,96
281475110961160,192
1099511627904,36
282033339236352,192
8858632192,48
1099513987072,48
316659483021312,96
1099530502144,96
281476067491840,48
4466765996032,48
17043457,128
8796109799425,16
404750336,16
4398214283264,48
4466765988416,128
68719542784,96
281474979070464,96
281475110932488,192
2251799813689416,64
281474978811905,192
16810504,256
281483566645824,192
2251799815815232,64
4466900205576,128
281543830405128,192
618475290696,256
351843720888321,12
285881613156864,96
206158434304,16
550829621248,48
68725768192,16
325455441821696,6
8589935113,256
2097225,256
549757911056,96
35254165340160,64
4406636445768,128
281476052811776,48
4398197768192,64
68870471688,256
35184388867072,48
281543712965120,192
35185445896192,24
282024732524616,192
2256747632787456,32
2251800082382848,12
35321811042305,48
5016523898880,128
70437465751552,16
281612415696896,72
2260595906707968,4
70369952137216,8
2252487008452608,24
35184374190081,128
2147483776,6
4947802333184,48
4947819134976,128
2251799830495233,64
550829559809,128
4398046515713,128
549756108808,128
1207967744,48
4398046515202,48
2251808403620360,64
43980465115136,8
153124864,256
2533343509872648,48
35184640786432,24
2814749767106624,12
2367488,48
316667938766848,96
77309411344,96
68719478272,16
2256748689752064,16
35184372154369,48
316659499794432,96
1090781185,64
4194306,36
2252349703716928,64
558346043392,128
2291382366502912,16
2533274790396417,48
2251799813689920,64
549757944320,256
4947835879424,48
35184374448192,64
8592031816,256
4947936542728,128
35330400976896,48
558347849728,256
2252349570023424,4
19327352832,6
281475127705608,192
35184372088905,128
2251799815782472,64
4398046548032,128
2251800887435264,12
35734127968256,48
562950221856768,18
268959744,6
1073742338,48
281475110928449,192
35184374218753,128
35253091566088,128
2251799813750848,24
70368744214528,16
2251801963266048,4
5016521801729,128
25769803784,16
68719480897,256
285874096964096,48
8724152833,256
4398048870912,64
281483700867072,192
2286984186040320,16
2256197860229128,32
2251799964684288,64
2251801961168904,4
8606715968,256
68721582080,96
6324224,16
550024253440,96
4947802325505,128
550829588488,128
549755814976,96
2251799830724672,32
68853699072,256
1073840128,8
1099645878272,96
549755813954,96
2252349569499208,64
281543715061760,192
1344274432,48
281483566645250,72
2251799830495240,64
2251937254735872,24
844424930164736,4
559436267520,128
2533343526649856,48
549757943809,256
268435458,36
2286984185839616,12
69795316224,128
68719477761,96
4198464,96
282033456676864,192
2256206584348672,32
281474980905024,72
35261683597312,128
8590196801,128
151027720,256
35201551958024,48
2251868533195264,64
35185462607936,64
77309411330,96
35261681500224,128
2147483720,16
282574488338944,72
4399120257536,64
549892128769,256
2568459164581888,24
2251800891621376,12
68853956609,128
321057529528320,48
35185447927872,64
281543696191496,192
562949953421321,48
70866960392,16
2251799830466624,64
68719476872,96
16809986,96
35184640524800,48
1073741827,8
402685952,16
262217,128
2252349837934592,24
8589971520,256
70368761217024,8
10737680384,8
281474976715265,192
563500782977024,24
2286984202551304,32
35184388899328,128
2568460236226560,12
2252350643240968,32
68719509520,96
558345781312,256
8606711880,256
2252349569564672,24
4680,256
39659728011264,64
68721574912,96
1073741953,48
4399120253448,64
69793251840,128
2251868537356288,24
2287052905512960,16
286422779039744,96
1210318848,64
316661496283136,6
35684352,96
562949953421384,48
4398063812608,8
2251799950032896,64
1091043328,8
549756108864,128
8590204928,48
4673,256
32897,96
2286984185774145,32
1073807361,48
2097176,16
285873039999488,96
4398063321152,128
1073782784,48
360448,8
35184506314752,48
9345848868864,16
550830080000,8
1224737280,128
10754195456,16
2251799947935808,64
2251799813947457,32
4406653222976,128
1207959617,128
4398063550976,64
16777226,96
35253225783297,128
5632,16
282024734621697,192
69797412864,48
281552420339712,192
2097736,256
2251868667412480,64
351843720921088,12
281475127967744,96
2252350643503104,16
281543696191552,192
281474993487881,192
68855792128,256
70369817920000,8
558362525704,256
74766790721536,8
2251799813718592,64
1094713344,48
552037515264,16
35802849476608,128
2166784,96
35253110439936,128
17181966848,96
550024511488,48
6291457,16
316659350897152,96
25,16
2533825619951616,24
4,1
1207959624,128
2251800082120712,24
69809995840,128
9663938561,64
70368760954881,16
562949953458176,48
2251868533456896,32
2252349720494080,64
2251868667641856,32
618609508416,256
281474976743489,192
2251799813754880,24
618475291200,256
8860467200,96
10737451008,16
551903301632,16
285873023255040,96
618743726080,96
2252349569500160,24
4467841826816,64
35253093662784,128
4406770925568,64
281474993488392,192
16781321,256
2251799832559680,64
2533283382427648,48
549755814465,256
66049,96
281552286122048,192
2260664626184192,4
281475111191040,96
563499709235712,48
77309411456,96
549755813891,16
2251799813718536,64
74767864430592,4
2252349573693440,24
2286984186036225,16
8606711936,96
4398314946624,48
549892128776,256
558345748552,256
8608809472,256
281474993520648,192
1073807368,48
70368760954888,16
551903297544,16
281476052553728,96
77309412352,96
68987916288,96
2251868535291904,64
137438986752,96
4407710188032,64
8589968384,96
9680486400,128
549890326528,128
1100585402368,48
1226833920,128
9345850933248,16
2251799813947912,32
281475261923328,72
2359424,48
282024732524546,72
2251868533163008,24
281543713226752,96
74766792785920,8
2533274823950336,18
2533283380330504,48
35184372089353,128
524304,6
2251799830495744,64
2256197996511232,32
2251877125193728,64
2256335299149824,12
549756076048,48
268439553,96
68870504448,256
4398063288329,128
281552286154752,192
137455992832,48
620622774272,16
2251799981457408,24
1073750017,48
281475010265152,72
35253225783808,128
35184372613121,8
4399254471168,64
68853694473,256
1074003977,64
8589934672,96
4398063288336,48
281474979074048,96
281475110928512,72
69927436296,128
4947802329600,128
8741191680,128
8589939201,256
35195109507072,8
351843722985472,12
618475294721,256
138512695304,48
146028888072,96
1099511628289,96
285873023483905,48
627065225217,256
39582418600449,64
35253108342792,128
77443629064,256
68719509632,96
35253093663232,128
2286984185810944,32
12800,16
549772595208,256
8592031809,256
4399254470720,64
4475490140160,128
8724153344,96
2251868533166081,64
2533274790690816,24
285881613418496,48
286972534849536,36
4406638543360,128
4399254470664,64
281474993520704,192
8610906112,96
9680453633,128
2256816335486976,32
8797166764096,8
1099511631873,96
4947802619904,64
4398180733440,128
2256197994414088,32
4947802324994,48
549890039808,96
1208025088,48
4398048641025,128
134483969,128
146029150208,48
285873157443584,96
2286992775712768,32
35742717837824,128
4948070760448,48
4398046777345,64
136347649,256
1207992832,128
39582552817672,64
2291382232285192,16
1109393408,48
8796109832192,16
77309415488,256
4398199603200,128
270565376,96
1074298880,8
281543830405121,192
77326189056,256
2251800904237056,32
9663709248,128
4398046511233,48
4399153807360,24
35192964120584,128
137438953537,96
285213184,96
4406638575616,128
2286992775709184,32
153096192,256
1210056712,128
282024866742336,192
4162,96
549756370944,16
2251800887459848,32
2252349569536000,64
70368878395456,16
8804682989568,16
285873039998977,96
11,16
35185462640640,64
2291382232285185,16
70437463916544,8
549755813961,256
1090813952,64
1116691496960,36
1074004040,64
138412033,96
281544769929224,96
35184388898880,128
35734130000384,128
627065225224,256
1075839041,128
281474995589120,192
35185580052480,64
35185445867520,64
137439216128,48
17179869697,96
2251799832559624,64
281483566649408,192
1076101121,64
2251799947935745,64
1168247881728,96
2533274807173128,48
618609508864,256
550831656960,128
687196864512,96
35184539860992,48
35734278897664,128
558345748608,96
2251799813947394,12
68853698568,256
18874944,256
35734144942080,64
281474976747584,192
281543696187905,192
2251799815786504,64
2256198933938177,16
35803921121280,64
1074004488,64
68719476760,16
2252899325345792,24
286423852777472,48
2533274924875776,24
8805756698624,8
70437463687168,16
8796109799936,16
39582552817665,64
2533824546210304,48
4947802325001,128
4398046515209,128
2251799813951552,32
2392072,128
33408,96
2256206450131008,32
549890293768,128
2199023255552,1
35184389128193,64
687194767368,96
70377334145024,16
21233664,48
549757911105,256
550829556288,128
294984,128
281475127706112,192
70918516768768,16
285873027416064,36
206158692352,8
563018672898049,48
2256206450130952,32
550846332936,128
562949953454592,48
35184374187008,48
2251868533194753,64
281483700895744,192
4400210771968,8
74766807465984,8
316660422541824,48
70869057536,16
35735335862272,64
4398046544896,48
316728068280320,96
316659348865024,36
281475247243264,72
206158430272,16
35735218421760,64
2291390822219776,16
4466765992000,128
1207992321,128
562949955518472,48
35184372154432,48
2251808420397568,64
4398065418240,128
8589935624,96
68719542273,96
8606973960,128
70368760958976,16
2251808403881985,32
627065257984,256
566937780224,96
2181038080,6
550965870592,128
1358954496,48
2286985276293120,16
4408783929344,8
35184374480896,64
286431368970240,96
290279659667456,12
2098240,96
9665777664,128
39583626559488,32
1099528405504,96
2286984185774152,32
35202625699840,24
844424930136064,4
43981538852864,4
2251799947903496,64
4398048612360,128
2251799813685776,24
281543696187464,192
618475323400,256
281612415664136,72
1208221760,64
2286993849450496,16
2251809477361672,32
4398048645120,128
70437480431616,16
137441050632,96
35192962027521,128
134218256,96
1073746433,128
524290,6
4398063292928,128
281543830409216,192
8589975552,96
282024732524553,192
68738613248,128
35192979062784,64
77309415432,256
35735201644545,64
282024751398912,192
1100585369664,48
18878528,256
281483583426560,192
281476052549633,96
134218312,256
68721573904,96
35184388870656,128
8589936128,16
282093468778496,192
35261681762304,64
4406770663936,128
2256197876973569,32
2533274790658560,24
8796110061568,8
2256197860458497,16
281475113026048,192
2363393,128
138512695360,48
39582420697096,64
281474976776193,72
2251799813726208,24
2256747616043008,32
18911232,256
5184,96
618477387784,256
35184374251520,48
1099511664640,96
263232,48
2252418288975880,64
77443629120,256
281476050453056,96
2286984319991872,32
558364622848,256
134250561,256
2251800904204352,32
33562624,36
77311512576,256
1073742464,48
524416,6
1074004096,24
2251800889524232,32
134225921,96
1207960128,128
281474993520641,192
70368744439872,8
281475127705664,192
1208222208,64
16818176,96
77309419520,96
2533274790461440,18
281483568775168,192
9797926912,128
2286992775741440,32
35184374710272,8
549907070976,128
35734130003968,128
5016538578944,128
9345983053824,16
4466768117760,128
316728068276232,96
2286984320253952,16
2281701377,16
1208221704,64
1108118339584,96
281474976710659,12
285881613156416,96
549755815424,16
35253108343296,128
283124244152320,12
137438961664,36
68719742984,128
550963773441,128
549757943816,256
35184508404224,128
2251808405717504,64
558362525697,256
1649267441672,16
74766790689280,8
134258688,96
4489216,48
299009,128
8858370056,96
4398180729345,128
16777408,16
281475110932544,192
4416300122112,24
35254165307400,64
70368746274880,16
281474978812416,192
8757706752,96
8589971968,256
563508299169792,48
281474978808321,192
137438986248,96
35186519572544,8
563018689675264,48
17072129,128
281543696187968,192
8592556032,16
1074008072,64
1076101184,64
8592064513,256
2287052905251328,32
35184523345920,64
1075871752,128
8625586176,96
68736258560,256
35261698277376,128
281552286122496,192
2814750840848384,6
558345748482,96
16777282,96
2533274790428736,48
281483569004544,96
281474976743433,192
281475111190536,96
1074266120,8
134221896,256
10737418248,16
549890294272,128
2251801961168897,4
2286992775708673,32
282033322459200,192
549755851264,256
35184405647360,48
4466900209664,128
81,96
282093452001344,192
270848,48
4398048874496,64
134251016,256
2129992,256
39582435409920,64
549906808833,256
1100585631744,24
2048,1
18874370,96
35185447960576,64
2252968044789760,24
321126114787328,48
281475245146176,72
262658,48
4466900205569,128
35184374218816,128
281474979332096,12
316659351158784,48
9663681024,128
35184405905408,24
550829555840,48
1073775105,128
9663677440,48
16781377,256
8724152322,96
9665773569,128
618475323393,256
2286984185774089,32
618475290640,96
8796093054984,16
1108101566464,96
317209104617472,96
1168231137280,96
8608841728,256
35184372092944,48
1099528405056,96
16785416,96
134218816,96
4956392259648,128
281474976776256,72
8796093055488,16
2251799815786497,64
39582420697600,64
36929,256
4398046519297,48
1168231366656,48
35194169982976,64
2537681426841600,24
281474977235008,12
8201,96
35201551958017,48
35253091565584,48
282024749563904,96
5498631880704,24
352393476702208,12
134217857,96
136315456,256
8724447232,128
2363400,128
2252358159433792,64
35192962056193,128
2251799964680200,64
281474977239040,12
262784,48
35184372613184,8
154618822656,36
2097680,96
281543698284608,192
2251799814012928,12
35184372359168,24
281475010265096,72
35186521669632,8
1073741834,48
68872568832,256
8796093284360,8
35201552220160,24
402653192,16
285873023226368,96
549755846665,256
70368744178184,16
2256198128631808,12
4466768089088,128
4398050705416,48
1090552320,128
4399120257088,64
33289,256
77443633152,256
4398046515328,48
2147516480,16
285212673,96
35184372154880,48
2256197862326272,32
2101761,256
39582418894848,32
35253091565633,128
68736253961,256
549758173248,128
19398656,16
285874231181312,48
2251799813980224,32
2286984185775104,12
35184372088898,48
2286984202551360,32
281474976744448,72
2256206450131456,32
4398046773761,64
4415243157504,48
134222400,256
4475355926528,128
69793219080,128
281492290797568,72
39582553079808,32
4398048608258,48
285873157701632,48
316659382353920,36
35186519572481,8
515,16
8608808968,256
2147745800,8
2251799814209600,4
578,96
4415226380296,48
2097792,96
316659483017224,96
316659348799560,96
35184506601472,64
35184372125697,128
35253091631104,48
4398182825985,128
549760040960,96
17198743552,96
2129922,96
281474976780288,72
1092616193,128
69929533440,128
282575562080256,36
2251799813718529,64
35185462607880,64
35742717837376,128
4406636446209,128
2286985259520000,16
550863110144,48
35184372089416,128
8589938704,96
524360,16
8590197249,128
39582552821760,64
16809993,256
281474993488896,72
844424930394112,2
35193230458880,48
316736658210816,96
2322168692080640,4
2392065,128
18253611009,48
562951027195904,24
5497560236032,48
558345748993,256
35185445830728,64
2251937252642816,24
137457827840,96
2251808537837569,64
281474976711688,72
8589934602,96
8608808961,256
70918499992064,16
35194052542464,64
270532609,96
8590200833,128
2251799813947968,32
2251800889528320,32
35184393060352,48
4956394356736,128
282583078273024,72
35321811042816,48
550829559816,128
4399120261120,24
1073746048,48
281543698317312,192
8606745088,256
4947804684288,64
1077936136,48
2256197862294016,32
2251799947903489,64
137439215624,48
68736287232,256
8796095152128,16
562949953429504,18
1099511628296,96
316659350929408,96
39591010631680,64
281476050718720,48
4718592,6
35192964382720,64
316660424638464,48
35734129999880,128
561152,16
1168231104513,96
549789368321,96
563499709235208,48
1090551809,128
85899350016,96
40140764348416,64
2256197860229184,32
18907648,256
2251816993587200,24
35802864156672,128
549755846728,256
268468736,96
281484640391168,96
69795315776,128
316728068276736,96
4398449164288,8
136314889,256
2251800904204296,32
4466782765064,128
70368744178688,6
2251800887427137,32
558346010625,128
68719738896,48
2256275169607680,32
1099511661056,96
8590000136,96
206158430720,16
4947802390528,48
2251816993554433,24
35254165307456,64
68753293312,48
2251799830462529,64
618475291144,256
4399122350144,64
567348002029568,24
78383153664,128
317210178355200,48
2256198933942272,16
1074008065,64
285874096996352,48
2252349705814016,64
4398197506056,128
559419490305,128
2251801021648896,32
2251799815782402,24
2251808404144128,4
316659348836352,96
281474980904968,72
4399122350592,64
281474976715328,192
2252349569503240,64
281474976710666,72
2533283380330497,48
4398046552064,48
562959617097728,24
562949953421825,48
2533274924613640,48
134250498,96
68736516608,128
8590196752,48
549772623873,256
4398046777352,64
8589935169,256
2163200,96
2251808537838080,64
35253091565640,128
281544769929728,96
303104,48
35253091602432,128
281475111223296,96
8796093026305,16
285874113740800,48
351843737665536,12
316667955511296,96
559419494400,128
281476050460672,36
549758205952,128
2286984204648448,32
2256197893750784,12
134512648,128
316660439318528,48
19140608,128
281474981167104,36
2256197994418176,32
2251808539934720,64
68738383872,256
35184388866561,128
558480228352,128
98312,16
5025111736320,128
563018672898112,48
2251799815782976,64
35184523083784,128
1208483840,8
563568428711936,48
281483566645257,192
2287052905250824,32
8724676608,16
85901443072,96
2326566604374016,2
549756076160,48
8590491648,16
282033322459648,192
69793218569,128
270532672,96
1099528409088,96
35186536349696,8
1109175304192,48
4536559206400,24
35192978800641,128
2322168574640128,4
35184506310664,128
290271069995008,6
281475012362240,72
2251799948165184,32
4467034423296,48
618492067841,256
4398063292424,128
2286984185774600,32
281474993492032,192
17196646912,96
687328985088,96
281475144482816,72
4406653485056,64
33296,96
281474995585088,192
69793251329,128
17305600,16
4406770667520,128
25769807872,16
4406636445761,128
35734262382592,64
281474976973313,96
78383153216,128
268697664,48
35184374222848,128
8724418560,128
35802847383552,128
4399120777216,4
2251801021906944,16
35742719934464,128
35184372383752,64
2287053978992640,16
598135399251968,12
18878472,256
281476067233792,96
2533274790395969,48
68853957120,128
50364416,16
286422913253376,96
2814749767106561,12
2251869609000960,32
282102041935872,192
8796093022273,16
4399122350081,64
4398180728960,48
69795319808,128
4398046609408,8
138529472512,48
134254593,256
4398181023744,64
281475110961216,192
4466768085504,128
39582418665472,24
351843721150464,6
2251799813947520,12
39582418600008,64
618475295232,256
316659349061696,48
351843720888832,12
2286984185782272,12
316659365838848,48
558347878400,256
2533275864138240,24
8388608,1
8804699734016,16
321057395310656,48
2251937269415936,24
281483566649345,192
8590200896,128
1073745985,128
4398180794368,48
8796109799488,16
2252899325313536,24
150999104,256
70368746275328,16
316728068276288,96
562949953486848,18
77309411337,256
2251808403914752,32
36880,96
549890064392,256
8724156424,256
549755846784,96
68719481408,256
687211544576,96
136315008,96
281474993750017,96
2286984185806912,32
281474980937728,72
2533343511969792,48
549756076545,128
8592293889,128
4398050709504,48
2251868667379713,64
17179901960,96
263176,48
70368878428160,16
281474978873344,72
2251868533166088,64
35802847379464,128
281543712997376,192
17448304640,36
4398063550465,64
2149580801,16
2251799816044552,32
68719484936,96
549755826176,16
4398314946561,48
4398046773320,64
281483566678024,192
1075838978,48
35184374186112,48
77309411400,256
4617,256
4398046773257,64
35184372089920,48
8796227239944,16
35321811042312,48
4398046806080,64
567347999932417,24
2097155,16
1090519560,128
4947802329096,128
136315904,96
2251799847240192,24
35184374186049,128
137455731200,96
2251799815790592,24
549757947904,256
4947819106304,128
68720001025,16
134217752,16
1074069504,24
4947819364352,64
281475127705601,192
562950104416256,48
8864946716672,16
2256200007680000,2
137455734784,96
1090519056,48
281483701125120,96
134221889,256
35734130032640,128
70377334374400,8
35201554055168,48
4475372699648,128
2256197860229121,32
4398080065600,48
4398048608272,48
844424932229120,4
2251799814242304,4
4398331723776,48
70368760955392,16
35185580081152,64
549906808896,256
285873023222784,36
65545,96
1075839489,128
69793223168,128
4398065385984,128
1074036737,64
285873023221888,36
32771,16
4398063550528,64
282024732819456,96
35184372129792,48
550831653376,128
2286992909926400,32
18939904,96
4398046511107,8
35735201644608,64
2251801021644801,32
549772857344,128
566935945216,48
8724189184,256
8590201344,128
137441054720,96
69004689408,96
1342177288,48
285874099060736,48
8606711824,96
35184372090368,8
4398046548480,128
8589967376,96
1342177281,48
4466765987849,128
35184523083777,128
285873023221832,96
8589934784,16
17179902016,96
8608809024,256
558345749504,96
549755822081,96
35184374190592,128
316659348800008,96
285941742960640,48
2251799830495296,64
35184389160960,64
286422779035649,96
35802847412224,128
35184372613632,8
35192964120577,128
138514792448,48
35742852055040,128
39582418600456,64
2286984187871296,32
68853694466,96
2533824546242560,48
39582419124224,4
2533343509876736,48
281474976976897,96
68721606657,256
146028888065,96
2251808403620864,24
2251801021645312,32
282025808363520,96
4544075399168,48
281476050453504,36
281474978840584,192
35185445831232,64
549760008200,96
134218305,256
321057395311104,48
70368746307584,16
39651138076736,64
2252899325313088,24
70377334116352,16
282033322459137,192
68720033792,16
43980465111048,8
25771900928,16
1073741960,48
2251868669476864,64
4398046838784,24
39591008534592,64
52428800,16
262672,48
35185580048385,64
402653185,16
35184372121728,48
2251808537870336,64
8590004224,96
1074008576,64
4948876070912,64
8623751168,48
85899608064,48
68721610752,256
2252349569499712,64
281476050452482,36
8796093026368,16
549772591617,256
285873025319424,96
4956392292352,128
35735201906688,32
282024732525568,72
1076101632,64
281492156580352,72
281483566645313,192
2256197876974080,32
316659365576705,96
2252349569531905,64
1073774720,48
35184374452224,64
35185445863936,64
549890297856,128
602532372021248,12
563018672902144,48
4398046515720,128
285873174216704,96
281543696450048,96
2256206450163712,32
549756338177,16
281483702960128,192
134488064,48
281475027042304,12
2134080,256
281476050714632,48
2252418289238016,32
281474976711170,72
35184405643265,48
2097162,96
2533275864141824,24
35192962027528,128
4947802325057,128
2286984202551808,32
4194824,96
2533274790658112,24
2286984185774082,12
2251825583489024,4
4400193994816,8
8743026688,256
2251800887721984,16
35192962547712,8
137439215617,48
549756080192,128
281476054646784,36
35185446093312,32
10737418241,16
35192962023440,48
1073778752,128
285873157472256,96
35194035769344,64
2149584896,16
50331656,16
1099511635968,36
4466766020609,128
558345756672,96
18253611520,48
2251799830986752,4
8796227502080,8
8640266240,16
70369817919489,8
2251799964680256,64
77342965760,96
627065229312,256
20972032,96
8590196745,128
77443661824,256
2251809477362176,32
2256266579673096,32
68723703808,96
4398181253120,8
282024732524672,72
2251799813689346,24
281474978841088,192
39651138076680,64
549760008704,96
2533274792493568,48
2533824548306944,48
8875147264,96
4947802357768,128
68719480848,96
316659348804096,96
35185446125568,32
2621441,16
4399120285697,64
35184372121616,48
8592068608,256
9345848836160,16
1090520064,48
695784701952,96
549755819008,96
68721836040,128
8592031746,96
35184506307073,128
2322168557863424,4
281492156579904,72
286491498512384,96
549908905984,256
4399120519168,32
35253093924864,64
2251799815815169,64
4947802357824,128
4398180761608,128
137573203968,96
549890036224,256
4399120253056,24
2281734144,16
8796244017152,16
151031808,256
39591008796672,32
2252899327410176,24
351844794630144,6
558345781256,256
281483583422528,192
8592065024,256
35253093666816,128
8594128904,96
77309677568,128
562949970231296,48
2533274807435264,24
35734128164928,64
2251869606903872,32
2286984185774096,12
282024749302272,192
2164264960,16
4466900467712,64
562949953683520,24
36283885813760,48
1099511660545,96
2251938326380544,12
68853727240,256
8590000192,96
281543830437888,192
184549376,16
281476050456584,96
9663676544,48
2251877123096640,64
35185447931904,64
294914,48
2533283380363264,48
66056,96
50331712,16
134221826,96
4398046781440,24
270337,48
562958543360000,48
1099528437760,96
136839168,16
1073742345,128
35184374218760,128
2533274809270272,48
281474976718856,72
281612415926272,36
4406636969984,8
8797167026176,4
618626285568,256
68720001088,16
68736258049,256
4399120253000,64
281475113058304,192
35184506306688,48
137441050625,96
137438953481,96
281484640387073,96
2251800887427592,32
68719738945,128
8590000640,96
68738351112,256
2147516928,16
1207963656,128
8740929544,256
2252349571596289,64
316659348803585,96
281474976714768,72
4466766053376,48
2252899325317120,24
4106,96
551903298048,16
68753063936,96
8864812531712,16
4398180732936,128
35184388866176,48
550848430080,128
550980550656,128
281544770191360,48
35184506311168,128
263169,48
19136513,128
1210056705,128
68721574464,256
563499709235264,48
8797168861184,8
1099511627848,96
9932111872,48
2814749767139328,12
4399120515584,32
316796787752960,36
17179934720,36
2533275058831360,18
147102629888,48
136319488,256
8590000129,96
8796109799432,16
146028892160,96
618492068352,256
86973087744,48
281492156583936,72
351852310822912,12
35201551958528,48
281543712964609,192
281474977009664,96
68722098176,16
33554945,96
8592039936,96
1099511627778,36
35192962286080,64
1099511890432,48
74766924906496,8
2322169631604736,2
12296,16
2252899325575168,12
285890203090944,36
2147483650,6
1236950581248,36
2534374302023680,18
2251868535259648,64
16814144,256
2251808403685376,24
2251799947902985,64
281476067229697,96
562951027167232,24
35184372089857,48
2252349703716872,64
4398046515776,128
2251808403652616,64
35192962027584,128
2252349586276416,64
33559040,96
43980465143808,8
2283798528,16
39582422794240,24
138412096,96
35184376283648,48
4099,16
70368878399488,16
1100585370112,48
281484640387080,96
35185596825600,64
77460406272,256
35184376283200,48
4399137030145,64
598134327607296,24
137439477760,6
1342210048,48
1073775616,48
9666035712,64
2251799813947401,32
285873025318913,96
285873157439552,96
4398046773313,64
1649267441728,16
598134342287360,24
4398049132544,8
549755818504,256
266249,128
17196646408,96
150994953,256
2256197879070720,32
619565809664,128
618609512448,256
68719804416,48
134251520,96
2251799813693441,24
549890064385,256
4475355922433,128
4398046515216,48
39591008535040,64
17043968,128
2252350660018176,32
549755847169,256
281477124194305,12
35184376283144,48
2392576,128
70918499995648,16
77309411904,256
4407844405248,64
4466766512128,8
2105345,96
549755814409,256
35184506310657,128
68853695488,96
137438953488,36
85899345984,96
2286984185778177,32
8796093022728,16
9663709696,128
35192962023937,128
4398080066048,48
1099645846016,96
134217808,96
4399124447232,24
40132176510976,64
2097729,256
281474978807880,192
2251801961201664,4
39652211818496,32
641,96
351843720892416,12
562949953454144,48
549760008193,96
281475010265089,72
68987912704,96
77311508481,256
2251808403628032,24
2260595906969600,2
77309935616,16
562951161380864,24
2533274924613696,48
4399120547840,32
562949953425472,48
8804682956801,16
4398063321600,128
282024732557313,192
281474979070016,96
8724217856,96
2251808422494208,64
2251808403623944,64
35201686175744,48
290271069732865,12
4467856506880,64
9663680576,128
2256197860196417,32
4466765992448,128
35193096241153,128
4406636446272,128
2251800082121216,24
35735201648640,64
77326450688,128
8804682956808,16
2251799813783552,4
138646913024,48
35253091827713,64
35184405643272,48
4398048608328,128
281474976711296,72
4398046543874,48
35185445834760,64
9697230848,48
9797898240,128
39582435639296,32
2287542531522560,32
1241513984,48
35184372613128,8
8257,96
285873023483968,48
2533824546209793,48
4398046773768,64
281483568742912,192
8623521792,96
43980599328768,8
281474976972872,96
138512699392,48
39583492345856,32
2251799830757376,32
69795348480,128
16785472,96
2256197860229632,32
282024749301761,192
268435521,96
2251799947903552,64
35184372125760,128
35193096273920,128
562958543618048,24
558345785344,256
281560876056576,72
562949953716224,24
1224998912,64
2286984187904000,32
2814749767106568,12
1099646107648,48
40681930227712,24
281484640387584,96
2147483657,16
281474978807873,192
39651138077184,64
2256197860462592,16
134283265,96
2359809,128
4398046547969,128
134254600,256
2251868533166592,64
70377334112257,16
4406653223424,128
2251799847272448,24
37377,256
8606973953,128
562949953454088,48
137455730696,96
2533274790400001,48
558479966209,256
2252899325313032,24
619549065216,128
550846332929,128
2251801021644864,32
549774950400,128
35186519572488,8
74766790688769,8
4947953319936,128
281475245146624,72
2256199068155904,16
557568,16
567347999932424,24
2251808420397120,64
281474993488000,72
4466766254080,64
281483700862977,192
281474978811968,192
282024732786752,96
2251799950004224,64
2286984319995904,32
281474979069960,96
8797166768128,8
2286992775708736,32
281474978807936,72
35321813139456,48
36283883716616,48
550846333440,128
4415226380289,48
281474993487888,72
1099513724929,96
17314091008,96
136347712,256
2097344,16
1075847168,48
285941742702592,96
281543696220672,192
549789630464,48
146028888128,96
35184376283137,48
557120,16
4407710191616,64
4398047068160,8
4947804422208,128
316659617234944,36
35871566856192,48
2251937252638784,24
2287052905254912,32
286422779297792,48
17179869200,36
35253093662728,128
4398180990984,64
4399254503424,64
35802981597184,128
564049465049088,18
70377334112264,16
33554434,36
69812092928,128
2251868535263232,64
4398067482624,48
68719739400,128
1090551872,128
35185445835264,64
4195328,36
281474978816000,72
285873025581056,48
282574488338496,72
9216,36
131072,1
281484774604800,96
17301512,16
2621504,16
36936,256
35184506339392,128
32785,96
8873402433536,16
2542070883418112,3
35184388870208,128
39582418608128,24
2251818067296256,12
35734127939584,128
2251799813718081,64
281492173357056,72
2251799815782920,64
285873023483912,48
2252350645338112,32
39651154853888,64
290271069732928,12
4398180732992,128
2251799947907073,64
39582435377153,64
1074040832,64
1108101824512,48
8590196808,128
316729142018048,48
35184372355080,64
70368744178240,16
4288,16
150995072,96
35184405676032,48
1074003970,24
281543696224256,192
1210056768,128
4947802591232,64
34078720,6
281474976744000,192
35253125120000,48
281483583455232,192
282024732528704,192
268435472,36
4467839730176,64
281493230321664,36
281544772026368,96
316660422541313,48
17072192,128
562949953421377,48
4475358019584,128
70918499991616,16
4398180995072,64
35184508403776,128
316667940831232,96
35184372089409,128
68719480960,96
69810257920,64
35184407740416,48
65664,36
549756109312,128
68853727744,256
43980465373184,4
2291382232285248,16
2286984187875328,32
1207992328,128
35390530519040,8
44049184587776,8
2251808403652609,64
4466766249992,64
16778752,16
281543964622848,72
43980465111552,8
328192,48
281474976715776,72
316667938738176,96
68736516104,128
567069900800,96
567349073674240,12
4398046511128,8
70437463654464,16
281476052550144,96
134221833,256
268468232,96
281474995585536,192
9797894656,128
33591296,96
549789368384,96
35254182084608,64
558346010632,128
2814758357041152,12
4947819102216,128
8590233600,128
2251808420401152,64
4407710187528,64
2251799813685314,24
16777219,16
2251799813947464,32
2101376,96
2251868533424129,32
151257089,128
4227136,96
35184372187136,8
2814749767368704,6
316659485114368,96
78385250304,128
1108101595136,96
559419490816,128
2097218,96
281475010269184,72
2251799816077312,32
316660422574080,48
316659352993792,36
281543830405184,192
2251868533198848,64
2253449081126912,4
39591008538624,64
35734127906817,128
70918499991553,16
8796093022280,16
1090781192,64
2251808403619968,24
558345749056,256
8796227272704,16
1073774601,128
1100585373696,48
550829555728,48
70368878657536,8
281475115122688,72
39719857553408,24
67,16
35253225787392,128
193,16
2256198934200320,8
68853698624,256
281543696188416,72
286422779035656,96
281612415668224,72
619549032456,128
2251799813722113,64
321065985245184,48
134217864,96
528448,16
557064,16
2322168557895680,4
35192980897792,128
2147778560,8
16777233,96
4398048612416,128
281544769933312,96
281612549881856,72
4398048616448,48
2252900399054848,12
2533274790400064,48
8592036352,256
317209104875520,48
43989055045632,8
2251799813685769,64
134217801,256
268435976,96
68855824384,256
2286984219328512,12
8589935232,96
4467839729672,64
35186519572992,8
1073750528,48
549890031618,96
1099511660552,96
549772853312,128
69809999872,128
563018672930816,48
282025823043584,96
285873291657216,36
549890031744,96
285875170705408,6
68736286721,256
2251816993558528,24
2251799950000640,64
18874384,96
281544786706432,96
2251868667383808,64
2537741556383744,24
9663942656,64
2260595908804608,4
1224769536,128
2251799813722624,64
282024736718848,72
2287001365643264,12
8589967432,256
17181966400,96
18253643776,48
635655159808,96
1099645845505,96
4466766020616,128
4398046777856,64
4956392521728,64
35184372097536,48
282024766078976,72
136314896,96
281475111194624,96
268436032,96
1077968896,48
33817088,48
78383153153,128
281474976743937,192
2568459162484744,24
562949953683968,24
1099511889921,48
290271069765632,12
266312,128
39582418604040,64
40132174675968,32
549755846658,96
17179901953,96
295040,48
35184376315904,48
69927698432,64
2533274794590208,18
1090523144,128
268468225,96
18,36
2251868533161993,64
281476050452993,96
282024734621704,192
136314952,256
549755818049,256
17179869193,96
16814081,256
134255104,256
2286985259516416,16
687195029504,48
137443147776,36
1075871808,128
134746112,16
35184774742016,8
2097288,96
2533833136144384,48
4400193998848,8
39582418599938,24
316659349062144,48
35655680,96
285245440,96
35185447927816,64
281484642484224,96
2251799819976704,4
155189248,96
70446053588992,16
558379302912,96
4398046511177,128
2251808405717056,64
282024732528641,192
270533120,96
281474995585032,192
35194035765760,64
2568459162484737,24
8606748672,256
4947802849280,8
9663680513,128
618475585536,128
1074266113,8
2252349586538496,32
281476069326848,96
35811437314048,128
281474976714754,72
281474978807817,192
262665,128
4406636449800,128
1075839496,128
8797166764040,8
146163105792,96
35185446092801,32
316660422541376,48
281483566645761,192
1090523200,128
4398046515272,128
290271203950592,12
35185462611968,64
35184372121672,128
2252358159433736,64
2251799830462984,64
4466782765120,128
2251799813718018,24
16777240,16
4398050705920,48
2251801961169408,4
562958543356416,48
1212153856,48
316728068276225,96
4398046519304,48
281474993487944,192
525312,6
40968,96
2134017,256
618477391872,256
35734127903233,128
35192962056200,128
35742717870080,128
35192964120640,128
2251800904466432,16
558362787840,128
1342439424,24
33554952,96
18255708160,48
4398180728834,48
77326188545,256
2251808420397057,64
2251869606936576,32
285873040261120,48
4398046580736,48
85899345921,96
598134325510152,24
35184372093504,128
281474976710680,12
1077940224,48
562951027425280,12
2251799816044545,32
2251800216338432,4
2251800889786368,16
39651138076673,64
266305,128
1073745929,128
8796093026816,16
4398046577152,48
2424832,48
321057395343360,48
68736286784,256
549772853760,128
39582435377160,64
8804817174528,16
8589935106,96
285873025323008,96
549756141568,48
8804685053952,16
35734146777088,128
1092616200,128
2251877123097088,64
77309444097,256
4399122382848,64
281476050714625,48
1074003984,24
2251799815782528,24
8724185089,256
2251799815782913,64
559419523072,128
282574488342528,72
35184372351048,64
35185447927809,64
4466765987856,48
1649267703808,8
2256197994414592,32
563499709497344,24
68755128320,96
281484657164288,96
316659348807680,36
1075838992,48
153354240,128
8797166764544,8
281543729741824,72
68719476928,16
39582435377664,64
281483566653440,72
8589934595,16
85899378688,96
627199442944,256
134479944,128
282025940484096,96
4398046806024,64
39583492342272,32
281474993754112,96
281475113025600,192
35321811042368,48
281543696449537,96
549756076041,128
8796227239937,16
2533274924613633,48
549755814024,96
316659348799490,36
35192962024448,48
2251809479458816,32
5017595543552,64
4399120253441,64
4176,96
25769836544,16
568009424896,48
281483583684608,96
33587201,96
281492156579841,72
8589934728,96
8724152896,256
268443648,36
35253091598400,128
68856053760,128
35253091569672,128
4398063289344,48
4948876328960,32
6295552,16
1168365322240,96
316659348803648,96
2251808405721088,64
549756076097,128
68721606664,256
35184372093000,128
35184506568768,64
618475291648,96
1099511627792,36
68870472192,256
562949953421314,18
37384,256
281543696187912,192
549755814920,96
2256197860196354,12
8589935617,96
317209104613377,96
4398046773376,24
35184640528384,48
8594161664,96
2251799964680193,64
281474976747528,192
549757911553,256
16782336,96
2251800887431680,32
2251800887431169,32
281476050747392,48
551903297537,16
281477124194312,12
35734127936000,128
2251799950262272,32
550829821952,64
2252349703979008,32
70918500253696,8
2287533941850112,16
4398052802560,8
4398182826496,128
39582418862144,32
18253611016,48
550833750016,48
1092648960,128
2251808405979136,32
316659365577216,96
4398046774272,24
4947821199360,128
17043520,128
844424946909184,4
8606777344,96
4949949808640,8
282024749305856,192
549757911042,96
4466768085056,128
20971521,96
69793742848,8
2251945842573312,24
134230016,16
2537672836907520,24
2251799964942336,32
4406636449793,128
70377334112320,16
285873025318920,96
17039488,48
281474976808960,12
2251799847239688,24
2251799815782416,24
1074266176,8
68870475776,256
281474978808384,192
35734128164865,64
4198408,96
281483700862984,192
35184372355073,64
4398046511296,8
4466768347136,64
35185446092864,32
549757943872,256
563018807115776,48
281474993492480,192
2286984185806849,32
17039880,128
17180135424,48
18878976,256
4406638804992,64
285882686898176,48
137455730752,96
281474976972865,96
549755817993,256
2537672837169152,12
2286984187871744,32
35184372088968,48
35192962289664,64
134222337,256
1073774664,128
2251816995651584,24
2322177147797504,4
317209104613384,96
281475113029632,192
549755814402,96
17179873344,96
281474977267712,12
281474977006080,96
281474978808832,72
2251799950000129,64
844424930131969,4
281474976711681,72
1090551816,128
1073742016,8
549755814528,96
6291520,16
1033,96
35184508436480,128
35734127935496,128
281474976751616,72
549906812928,256
35184523116544,128
4466900238336,128
2537672836907072,24
6047313952768,8
2252418288979968,64
35734129999873,128
2286985259778048,8
2162689,96
549890097152,96
2251800889556992,32
8592032320,256
70368878395393,16
134742024,16
2252349571596296,64
134251072,256
8724152448,96
2252349703717376,64
69793226752,48
4398065385536,128
4398180762112,128
2286984185774656,32
2533274790428673,48
281483568742408,192
4398065647616,64
16777800,256
4398046512192,48
267264,48
4956392263680,128
2815299522920448,12
402653696,16
2251800082153472,24
2252349569499145,64
17314087424,96
270344,48
2251808403624000,64
285873023484416,48
50335744,16
138512695297,48
281552286121992,192
281476050976768,6
321058469052416,24
2252349571600384,64
8796126576640,6
4398046523392,8
282024732525064,192
68719509576,256
77326221312,256
2251799947903104,24
18874888,256
4398065389568,128
35184506569216,64
282024734621760,192
282094525743104,96
562949953683457,24
281475110928897,192
136577088,128
35184388898817,128
285873023746048,6
134221840,96
550829556232,128
1073741897,128
39582418599952,24
4398048612864,128
281477140971520,12
562958560133120,48
35201551958080,48
74766790688776,8
9799991296,128
281476067229704,96
8606744640,256
69793222664,128
2286984186036232,16
2256197994414081,32
134480896,48
281543696220224,192
17180131392,48
2147520512,16
134545408,48
134283328,96
1092878336,64
2149581312,16
2256198950715392,16
35192962060288,128
290339789209600,12
2251869741121536,32
2105856,96
1537,16
281543696220168,192
8724414465,128
618611605504,256
68719477376,96
2568459179261952,24
317758860427264,36
281543696220161,192
35185445863432,64
4398046519360,48
281552286384128,96
8768,96
8607006720,128
2533412229349376,18
2252350643240961,32
35185580048392,64
2533275880914944,24
2568527881961472,24
68853695040,256
2251799813685265,24
2251868549939201,64
2256198933970944,16
35184372350992,24
2392128,128
1077936192,48
134513152,128
316659365576712,96
9663676418,48
1108101562369,96
2101264,96
35184374190144,128
77311508544,256
4399120252937,64
2251800887689280,16
2251799813980672,32
532480,6
45056,16
549906809344,256
35734132097024,48
2533824562987008,48
550831685632,128
316667938734088,96
618475290752,96
2251799948165632,32
25904021504,16
1074008128,64
37748736,36
316659348799616,36
285873157439496,96
35184390963201,128
2251799813685440,4
559421587456,128
4398047035393,8
4466916982784,128
35735201677312,64
281474978807810,72
1074270208,8
8589935680,96
4198912,96
35270271434752,48
2252349569761792,32
39584566083584,4
2251808403881992,32
321607151124480,48
35185445831176,64
35253091827720,64
70368878395904,16
4466768085000,128
137707388928,36
33555008,96
562950087639041,48
2252418288975873,64
321057395310600,48
4398048608384,48
2251817127772160,24
2256197860204544,12
39582435381248,64
2814818486583296,12
281552288219136,192
2533274926710784,48
281483566907904,96
35734128168960,64
4466765991937,128
137438954048,96
2251800887427648,32
286422779036160,96
35253091573760,48
134516736,128
4399137034240,64
68723933184,48
4399256567808,64
2251801977946112,4
2252349586309120,64
317209238831104,96
549890293761,128
68736290816,256
36284957458432,24
2537672836911104,24
206158462976,16
33558536,96
2287052905250880,32
281474976718849,72
2261145662521344,4
2533274790429184,48
9345848836608,16
2147491840,6
282024732528648,192
549892129280,256
281543847182336,192
266753,128
10871635968,16
9798156288,64
4398197506049,128
2251799947904000,24
558349942784,96
35651592,96
281483566911488,96
2101250,96
35184506307136,128
8623493120,96
524801,16
4466766250048,64
281476184670209,96
281544769929217,96
8797166764033,8
8864812498952,16
35184372416512,24
4399120252944,24
628138967040,128
35185445838848,24
69793218562,48
285873023222273,96
4227073,96
4398046777408,64
8724152385,256
1207964160,128
1099511627785,96
549756076552,128
316667938734592,96
327681,48
5016522063872,64
8712,96
351843720888328,12
563018672898056,48
558614183936,96
8705,96
35184388866050,48
2256197877006336,32
268697608,48
2533274924646400,48
35192962023552,48
4398063288322,48
134225984,96
4406636708352,64
2251800904208384,32
2533274924617728,48
4399120252930,24
285881613156353,96
8796093022784,16
68736778240,16
134479881,128
8724185600,256
35185445830721,64
844974685945856,4
2251937252900864,12
4398096842752,8
17039425,128
8590196864,48
281476067262464,96
35184372351041,64
134222848,96
281483566682112,192
2251800887463936,32
2533824680427520,48
317217694547968,96
2252907915247616,24
619549294592,64
2256197876977664,32
69826772992,48
282024732525120,192
2251801961168960,4
4398314979328,48
35185445863425,64
316667938996224,48
281477126291456,12
2256197994676224,16
35184389128256,64
2251799817883648,24
550024249345,96
65538,36
39583492341761,32
35253225783304,128
549772595712,256
35185464705024,64
281474976973320,96
35734130262016,64
2287534075805696,32
562950087643136,48
16777793,256
566952460288,96
16810560,256
2251868549939264,64
35261681500672,128
4399122354176,64
78383415296,64
549772599296,96
35184388866120,128
65601,96
4398197506112,128
2251877123100672,64
281543696252928,72
528392,16
146028920832,96
549772595264,256
2251868533424640,32
134479874,48
70866960385,16
9345848836097,16
281492156612608,72
1075843080,128
17040384,48
549755850816,256
282574488338440,72
4398046544000,48
2252358176210944,64
281474977005632,96
68736254976,96
316659483049984,96
262280,48
563499709267968,48
316659348832264,96
2286984185774593,32
262224,48
549789372416,96
77311541248,256
2291382232547328,8
2252359233175552,32
2572857208995840,12
282026880008192,12
268697601,48
2286984185806856,32
2252419362717696,32
1168233201664,96
316659350896648,96
2251937252638721,24
17179869760,96
4406653222920,128
35253091827776,64
16789504,16
9663938624,64
33554504,96
35734127902729,128
2256747618107392,32
35651585,96
35184388866064,48
2322718313676800,4
68736516097,128
2251800887689224,16
2251800904204289,32
151060480,96
8796111896576,16
5016521805824,128
68736254017,256
35735201644552,64
281474993553408,72
281476050452608,36
281474993521152,192
2251800887693312,16
550846332992,128
281474976973824,36
4398180991488,64
9664200704,8
16781314,96
35734127907328,128
281543696187408,72
98305,16
282093452001288,192
69793222720,128
281476184702976,96
16814088,256
282024866742273,192
2251799832821760,32
4948878163968,64
70368746274824,16
2533274790920192,3
8726249480,256
316659483017280,96
549755813968,96
316659365576768,96
17196650496,96
285941742731264,96
39582452154368,24
281476067229760,96
2251800887427585,32
17179902464,96
8724414976,128
282024866742280,192
17334272,16
1099528667136,48
262210,48
77443629057,256
4169,256
4398048608265,128
9345848840192,16
2252899459530752,24
2251799813750792,24
285942816440320,48
70369820016640,8
94489280512,16
2251799847239681,24
281483835080704,72
4398046810112,64
35184372126208,128
549772595201,256
549755813898,96
2251799817879560,24
285874096967680,48
2251877123129344,64
563018673160192,24
294921,128
317277824090112,96
33793,96
2251799813686273,24
137455730689,96
4398046512129,48
4398065385473,128
285873023225920,96
549758173696,128
550964035584,64
35253225783360,128
1649267474432,16
2251799830462977,64
4610,96
68719485440,96
35184374448640,64
70918502088704,16
40132174417920,64
69793484800,64
2147484224,16
281476052549696,96
2256266713890816,32
39582552818176,64
281475111190529,96
1073774657,128
2252358159433729,64
68719509506,96
549892128832,256
559419490368,128
281475110932992,192
35184508403713,128
50332160,16
36292473651200,48
35253091598344,128
268500992,36
285873023221825,96
39582420697089,64
4406636446720,48
2251868533162112,24
8724160512,96
2286992777805824,32
356241767399424,6
562958545453056,48
12352,16
295936,48
549757976576,96
74835510165504,8
35184372383745,64
2251799813718144,24
301989888,36
35734262120456,128
9665773576,128
618609541120,256
281476050485256,96
316659349065728,48
549890032192,256
35184523083840,128
137438986304,96
4398065385480,128
1077936640,48
2251799950000136,64
85899346432,96
633318697598976,3
36283883717120,48
16777744,96
68719477250,96
549755818000,96
4947936542721,128
68719772160,128
35184506339336,128
68721836096,128
35184506572800,64
282033322721280,96
317209104613440,96
8606744584,256
2251799813718032,24
2322237277339648,4
68719509569,256
282024732529152,192
285873023221762,36
68719739393,128
2251800082120768,24
16810112,96
550024249352,96
549890032640,96
8592032264,256
9682550784,128
281474976972802,36
77309411393,256
281612415664129,72
35253091565570,48
1090519616,128
282024732525057,192
70368744181768,16
2130944,96
562949953422336,18
35192962088960,48
268698112,48
282024868839424,192
2260595906740224,4
270794752,48
4398180728897,128
32792,16
4948876066880,64
16785409,96
285873023225857,96
4398048608769,128
1099528404993,96
2251799813686336,24
8796093546496,1
68738351616,256
559553708032,128
68870471744,256
281474976710673,72
35184506310720,128
4398046519808,48
35184372384256,64
70919573733376,8
18874881,256
281474976718912,72
549890555904,16
270532616,96
35184389128704,64
281474976977408,96
35185445830672,24
4398048870401,64
69795315713,128
4947802325064,128
4947804422152,128
1600,16
8606974464,128
1073774594,48
2251799814213632,4
1090781248,64
68719476746,96
35734127902722,48
25769803840,16
4406653227008,128
17039936,128
282024732786689,96
281475111452672,12
35253095759872,48
86033563648,96
281545843671040,12
35254165307393,64
2252349588373504,64
4466782765057,128
4407712284672,64
567356589867008,24
35734127935552,128
35184374186560,128
68719477313,256
4535485468672,48
17314086913,96
2252349586276864,64
1207959680,48
549772886016,128
549757911168,96
8590458944,16
2287533941588032,32
317209104613888,96
17213423616,36
262728,128
68719743488,128
70368744440320,8
35184372089346,48
281475110928456,192
2287052905283584,32
2148007936,1
138444800,96
268435465,96
4398080065537,48
134774784,16
35742718099456,64
41024,96
68719775744,128
2251799830462473,64
2251799813718088,64
558345781760,256
562949955551232,48
39583509118976,32
9345865613312,16
2359872,128
16781384,256
266242,48
1026,36
282024732557376,192
282093452005376,192
70368746274817,16
68853956616,128
549789368832,96
1075843584,128
550024249856,96
35184376287232,48
285873023225864,96
2251799947936256,64
35184523087872,128
2252349703720960,64
35253108375552,128
138674176,48
4466766249985,64
2281701384,16
282024749301824,192
2256197860200512,32
290271069732872,12
2251799815783424,24
285873040003072,96
562950087671808,48
8804682956864,16
4398080327680,24
549757911560,256
1124073472,8
35253242560512,128
551920074752,16
2256747750227968,32
17179873792,96
290820825546752,12
1544,16
2256206466908160,32
78383153160,128
40961,96
549755850760,256
9680453696,128
2287533941587976,32
285873056776192,36
134217794,96
562949972295680,48
281474976714761,192
2257297371824128,12
2251800889524225,32
281483566649856,192
281474976743426,72
316667938734144,96
17180164096,48
2097666,96
136348160,256
1099511922688,48
8606744577,256
35261681500168,128
4398048641088,128
17302016,16
4475356184576,64
8796095119872,16
2251868667379720,64
1090519112,128
281474976711240,192
4466766282752,64
2252005972115456,4
35186519834624,4
9663684608,48
33554497,96
281476050457088,96
285941744795648,96
4398046547976,128
69793218688,48
266816,128
4406653255680,128
2251799813693504,24
2251868533162497,64
549757911112,256
10737418304,16
17179870208,36
39591142752256,64
9663676992,128
316668072951808,96
4398046576704,48
299520,128
589824,6
2251808554614784,64
285873157439489,96
35742717837313,128
4947819102272,128
286422781132800,96
2251868533162560,64
8596226048,16
281476050452552,96
4399137030208,64
2251799832559617,64
550158467072,16
270536704,96
268435969,96
8589967880,256
35184388898824,128
2537672836939776,24
2359312,48
35192962056256,128
316659348832320,96
1342177792,48
566935683073,96
8864812499456,16
8796095123456,16
16814592,256
8589971457,256
134251009,256
77309673480,128
40132174413888,64
16781832,256
2109440,16
282024732557824,192
68719546368,96
68723675136,96
2251868533686272,4
2166358016,16
285874097225728,24
2256267653414912,16
40132174446592,64
1168231105024,96
68719739904,48
17039369,128
2533274790396480,48
2251799964680704,64
39651138080768,64
74766790950912,4
35184372121602,48
2251868535259137,64
282025806266376,96
77309673984,128
2568459162485248,24
848822976643072,2
1207960072,128
2819147813617664,6
281476318887936,36
8589938753,256
281474976972816,36
316659348800512,36
550963777536,128
1649401659392,16
1152,36
68723671041,96
35193096241216,128
316659348800001,96
549755847680,96
137439019008,36
4466765987912,128
1210089472,128
1100585369601,48
281474993491969,192
68853698561,256
294928,48
167772168,96
549755818560,256
2251799947911168,24
281474976719360,72
4227584,96
282033322463232,192
69809995777,128
549890035776,256
134512704,128
18270388224,48
18874433,256
281474993750080,96
558362526208,256
844425064349696,4
281543696195584,72
21004288,96
2256197877235712,16
35743791579136,64
549774688264,256
17181966344,96
1073741904,48
68736254024,256
2251799815815680,64
8594391040,48
134221952,96
2251799815815176,64
4399120515136,32
8606715905,256
4398063288833,128
69793218632,128
134250568,256
2654208,16
4398180728904,128
2256198933938688,16
281474995847168,96
8726249473,256
4467839991808,32
70369834696704,8
10739515392,16
1224740864,128
77445726208,256
35184372645888,8
618475294728,256
2130048,96
68719476816,96
4406636450304,128
2533283380331008,48
167804928,96
2101257,256
2533274790400512,48
2287052905250817,32
2251799813690368,24
2251799830466568,64
282025806270464,96
282574622556160,72
68721578496,256
1176821039104,96
524864,16
281477124227072,12
2251799817879553,24
618479484928,96
39582418866176,32
35185462607873,64
4415226384384,48
281476050452489,96
2195456,16
8865886240768,8
39583494438912,32
2252349569531968,64
8796093284353,8
618475553280,128
1657857376256,16
33558529,96
2251808403653120,64
2568459162517504,24
35184372351552,64
16777352,96
2256198933938240,16
2251799813685384,24
524808,16
2287533941587969,32
2147487752,16
2251800887459904,32
153092160,256
69927436352,128
619551129600,128
35192962023489,128
282024732787200,96
8590032896,16
79164837199872,1
35201551962112,48
549772591624,256
4398046511681,128
2164293632,16
549772591169,256
98816,16
4398048870408,64
2251799830467072,64
4407726964736,64
2251799847243776,24
1717986918400,16
70385924046848,6
351843720888384,12
137575268352,96
151027776,256
281483566678017,192
8590458888,16
16843264,96
562949953421832,48
549772853256,128
316659350900736,96
2533274941390848,48
4407710187584,64
618494164992,256
70368744210440,16
8796093023232,6
138412040,96
316659483279360,48
2286985259515905,16
2147484168,16
281543696187394,72
9663676481,128
8796093022210,6
268468288,96
68736520192,128
562949953687552,24
2164260865,16
549755813912,16
150995464,256
285873023516672,48
562949953421328,18
2252358159466496,64
524353,16
4624,96
17072640,128
2251799830725120,32
70866960896,16
551905394688,16
68987912193,96
281483583422976,192
2251808403620416,64
402657280,16
134217745,96
549755818497,256
4406636446216,128
550829555714,48
2256197860200449,32
2251801155862528,12
8864812503040,16
281477124198400,12
70437463654401,16
35192962023496,128
68719513664,256
33558592,96
281475010265600,72
1076105216,64
281543696449544,96
1075904512,48
1099513757696,96
4406770663432,128
35734144712704,128
281544769961984,96
68988174336,48
137573433344,48
2533275864137729,24
282024732524609,192
4406636449856,128
137438957569,96
1649267442176,16
2252358159434240,64
68719747072,48
282024732524560,72
281475113025537,192
559419752448,64
35192995577856,48
2130433,256
4467839729665,64
43980467208192,8
69793219073,128
151257600,128
25786580992,16
2252366749368320,24
16777345,96
549906808840,256
282024749334528,192
4415228477440,48
2251800887689217,16
2260595906707457,4
4407710187521,64
4398046543888,48
16778248,96
2251800887427088,12
281474978811912,192
4956409036800,128
549923586048,96
134480392,128
35184372088835,8
4399120257032,64
17196679168,96
151289856,128
2147487745,16
40132174413825,64
4466765987968,48
4398314950656,48
35184372122624,48
619549032512,128
136351744,256
17182228480,48
25769803777,16
35253091569728,128
150994960,96
1342181376,48
2251799813947905,32
2621448,16
562950087639552,48
844424930132032,4
4406640640000,48
8796093288448,8
5497558138881,48
4399254732800,32
281474976711177,192
2251808403620353,64
2251799947907080,64
281492156579848,72
268435584,36
4398063288840,128
4398063292417,128
282025806266369,96
68719510024,256
281476050714688,48
35253091566592,48
9663971328,64
35194035765249,64
281474976710722,72
321057395310593,48
285212680,96
8606716416,256
585,256
281474993488448,192
2251869606903816,32
2252350643245056,32
35261681532928,128
35734128427008,8
562950087901184,24
2533274790395976,48
39651138109440,64
558482063360,256
281475110928904,192
2363456,128
137439215680,48
316659348799504,36
282025000960000,72
2252349571858432,32
5506148073472,48
35184508665856,64
4398082162688,48
286010462175232,36
281475110961153,192
6291464,16
285941742698560,96
1073742408,128
4398046511184,48
35192964124672,128
8724414528,128
2533274792497152,48
2281963520,8
2251799813689864,64
35261681504256,128
68720005120,16
2252349569499138,24
2533274807173121,48
2101768,256
68719481352,256
558345752584,256
281475245146120,72
549772591232,96
2256197994414144,32
2252350643241472,32
2256266579705856,32
2251799813751296,24
2147484161,16
281612415664192,72
2251808538099712,32
68719510017,256
256,1
619549032449,128
134218242,96
35184374186056,128
65552,36
17179869249,96
18907200,256
549756338688,16
549774692352,256
17196908544,48
618475556864,128
35254165307904,64
2533274790400008,48
316659365580800,96
618477387840,256
281492158676992,72
35184372351489,64
571746046443520,3
4406653222913,128
4400196091904,8
8804682957312,16
4456449,48
1342177344,48
37888,96
35253093695488,128
316728070373376,96
2251810551103488,4
4398063321089,128
281475110928393,192
266368,48
70377350889472,16
285941759475712,96
4398046543937,128
4456456,48
40132174413832,64
4398046511114,48
549755847232,256
35184372097088,48
138412544,96
549892132864,256
2291382232289280,16
134316032,16
167772672,96
285941742698504,96
281475111190592,96
4535485465088,48
2251799816306688,4
285873023229952,36
4406636482560,128
282024733048832,12
281474980905472,72
2251800906301440,32
274877906944,1
598203044986880,24
77309415425,256
35184372092937,128
36833639530496,8
317209106710528,96
285941742699008,96
618475552776,128
281543696187520,72
1649267441665,16
1074036800,64
2251868552036352,64
2533283514548224,48
74775380623360,8
206158430216,16
9663713280,128
281474976714880,72
8592032768,96
2251799813689472,24
35253108604928,64
4398080098304,48
1090527232,48
2164260928,16
281476084006912,36
16842760,96
35742734614528,128
558345748545,256
4456960,48
1108103659520,96
137589948416,96
2251799813947408,12
4947938639872,128
2251800887427074,12
1099511631880,96
4398046511121,48
281476050485249,96
134250512,96
2359368,128
4398180761664,128
35184506568712,64
618475290626,96
281543696187457,192
4466765988353,128
1649267445760,16
282093452034048,192
8864812761088,8
4948892844032,64
598134325542912,24
70918634209280,16
214748364800,16
35186519605248,8
550846337024,128
2256266581770240,32
68870733824,128
2252349703716865,64
281474993524736,192
8796093022721,16
69793219136,128
2533274790396032,18
1207960065,128
39583492341768,32
70144,96
2164261376,16
563499843452928,48
39582418604096,64
281474976743552,72
68721574408,256
35802847379520,128
281476184674304,96
285873023287296,36
4947802361856,128
402653248,16
4466765988864,48
281483585519616,192
281474976976904,96
285941876916224,96
8606711810,96
2251799830466561,64
35184390963712,128
1074036744,64
316660422803456,24
2251808403624448,64
2129929,256
32841,256
69809995784,128
9665774080,128
8726282240,256
536870912,1
2251799813686784,4
68855791617,256
35185446092808,32
35184388902912,128
281474993487937,192
77313605632,96
77309476864,96
16842753,96
281476050456577,96
528385,16
70927089926144,16
35184372092930,48
33554441,96
39582418604033,64
2251799815782465,64
2097673,256
619549032960,128
8933531975680,6
2251799813750785,24
1073745922,48
70369817923584,8
4947819102209,128
550829559872,128
2252349569499152,24
2251800887460352,32
35184372350978,24
2098184,96
39582420959232,32
5497574916096,48
1090523137,128
281474976710729,192
549772623936,256
4400194027520,8
1092616704,128
2533274790428680,48
4406636711936,64
35185450024960,24
70368744210496,16
618609508360,256
2286992792485888,32
68987944960,96
8606712321,256
69793222657,128
68719513601,256
268439560,96
17196646464,96
77311508992,256
35184372093448,128
2162696,96
1074012160,24
4398063325184,128
562949957615616,18
4406636511232,48
35194037862400,64
281613489405952,36
844424930132480,4
2251799947907584,64
2533274807205888,48
2256197860720640,2
39582554914816,64
17179877376,36
2359361,128
40132174414336,64
2251868533170176,24
2251799813980168,32
549894225920,96
8606974016,128
2251800098897920,24
35184374185986,48
4194376,96
2286984186036736,16
2147746304,8
2322168559960064,4
2251799948165121,32
2298478592,16
68753031176,96
70369817919552,8
8864814596096,16
268472320,96
8992587776,16
35184640524289,48
2251799830462592,24
281474976972809,96
2256198933938184,16
17301505,16
2251799817879616,24
2256197994446848,32
550829556736,48
35254167404544,64
4399137030656,64
562951043940352,24
4398182858752,128
4399139127296,64
281474977235456,12
562949955522560,48
68736258112,256
2533343509905408,48
281476050452496,36
1107296320,48
5016521801792,128
558345752640,256
282025806266880,96
134250505,256
8590197256,128
136323072,96
2251869607165952,16
69793218625,128
68990009344,96
2256197860261888,12
281474978840640,192
558345781249,256
2260595923484672,4
5016521834496,128
35734127902848,48
69793480712,64
2256197860197376,12
4947804422145,128
35184372089864,48
68721607168,256
2251801021677568,32
281483566645320,192
8194,36
2251868535259144,64
281552286121985,192
17179906048,96
282024866775040,192
285873042096128,96
2252418423193600,64
536,16
4398048609280,48
39582437474304,64
70368744177680,6
262154,48
35253227880448,128
17179869186,36
2252349571629056,64
137438953992,96
2286984189968384,12
1073778689,128
68721573897,256
1073778696,128
69122129920,16
2251809611579392,32
35184374448129,64
687194767424,96
35192978800704,128
70368744181761,16
70866964480,16
1075871745,128
549756342272,16
35184372088912,48
4399120515080,32
137573171208,96
268439616,96
1075872256,128
136314945,256
35184508403720,128
562949953421888,48
2251809477361728,32
2251808437174272,24
35184405643776,48
2251868533161986,24
2251799947903048,64
4406636707848,64
35185447928320,64
35201568735232,48
2251868667379776,64
2256197860196480,12
4467839729728,64
272629760,36
2537672971124736,24
4468913471488,8
2251809477365760,32
70370891661312,1
39582418862088,32
35193096241160,128
98368,16
35734144679944,128
549776785408,96
321057395572736,24
281474976714817,192
70437597872128,16
8796093022336,6
17076224,128
74,96
70438537396224,8
33856,96
69927436289,128
2256206452228096,32
1073745936,48
2251799950000192,64
35253093662721,128
549890031632,96
2322168557862920,4
281543696482304,96
35734262120960,128
68721639424,96
2286986333257728,2
285873039999040,96
8796227240448,16
4947804426240,128
136577032,128
2533274924614144,48
39582569594880,64
2260596040925184,4
134217920,16
33587712,96
35734129999936,128
35184372350985,64
2101313,256
2147483713,16
70437463654408,16
562949970460672,24
9797894145,128
8589967873,256
567347999965184,24
2287533943685120,32
4398046511632,48
35734144680000,128
2415919104,6
285874096963648,48
549774721024,256
20975616,96
68719484992,96
2097169,96
9345849098240,8
134480000,48
2147487808,16
35184523084288,128
4194817,96
35184506343424,128
567347999936512,24
17314349056,48
563018674995200,48
2252350643241024,32
39582418636800,64
43980465111041,8
263680,8
8590230016,128
2251937252638728,24
138512957440,24
2251799813685888,24
4406636478465,128
4466900206080,128
562949953425416,48
8796093030400,6
2533284454072320,24
1074037248,64
9346922577920,8
1040,36
150999048,256
36283883749376,48
151027713,256
1099780063232,36
281477258412032,12
77309411841,256
2256747616014336,32
2287533941592064,32
17039873,128
68853694592,96
550846595072,64
282024732561408,192
2252358159695872,32
40132308631552,64
2533344583614464,24
566935683136,96
74766790688832,8
2625536,16
563027262832640,48
137441083392,96
281475129802752,192
2251877123096584,64
5016521802240,128
35184508407808,128
281474976980992,36
35913728,48
2251800887431232,32
1092620288,128
2251801023741952,32
35184422420480,8
35734128197632,64
598134325514240,24
281553359863808,96
281484640419840,96
549755818112,96
4406638542912,128
68719484929,96
206292647936,16
35184506306632,128
2251799947939840,64
562949955780608,24
281483568742464,192
2533274790395920,18
137441050688,96
2252349569765376,32
1099512152064,6
35253091598337,128
68853727233,256
4399254470657,64
2286984202584064,32
39582418632705,64
35186519576576,8
2251799952097280,24
2251799864016896,4
35184372122120,128
8592326656,128
9797894208,128
167772224,96
2105352,96
35734127906880,128
68987912256,96
281475110929408,72
69927436800,128
563018672898560,48
2251868533162504,64
2251869606903809,32
136319040,256
35253091570176,128
2251808403619849,64
5497558171648,48
2252418288976384,64
2251877123096577,64
4947936546816,128
4398063292480,128
2286985393733632,16
549758177280,128
35184525180928,128
18874496,96
206158430209,16
35734396338176,48
35254299525120,64
1073775112,128
281474978808328,192
68719771656,128
68719476753,96
69809996288,128
4947936543232,128
2251799830462466,24
39651138338816,32
282024883519488,192
2287533958365184,32
68721577985,256
522,96
549755814416,96
562949970198529,48
4398046544448,128
68870471681,256
68719480834,96
8590197312,128
549758173192,128
4535485726720,24
4406636445824,48
8740930048,256
5497558139392,48
290271071830016,12
9797894152,128
294977,128
2147745856,8
2396160,128
1073741848,8
295425,128
35253091831808,64
316659350896641,96
9663939072,64
4947806519296,48
281483600199680,72
18874377,256
35184506306625,128
2322168557862976,4
2251799832592384,64
136577536,128
35192964153344,128
35185446096896,32
18253615104,48
2286984187871233,32
1207992384,128
8724185152,256
281500746514432,12
2130440,256
68721573953,256
8590462976,16
66112,96
4398046511625,128
549756077056,48
282574488600576,36
549791465472,96
4406655320064,128
549906841600,256
35194035798016,64
2252349603053568,24
68721868800,128
2251799813685258,24
18387828736,48
2537672836907016,24
8724152336,96
281474976711744,72
18878465,256
35184372097025,48
282025806266432,96
562951027163200,24
5128,96
4956392260096,128
8606720000,96
146030985216,96
16781440,96
281483700863488,192
281483717640192,192
1099662622720,96
4947802329089,128
4399388688384,24
35735201645056,64
2251799815819264,64
8796095119424,16
282093452001792,192
8589934616,16
8592294400,128
151257152,128
1224736832,128
4406770696192,128
549756076034,48
618492067848,256
70368777732096,6
351912440365056,12
138512695808,48
35734262153216,128
549755879488,96
68738351168,256
285873023221776,36
70369012613120,6
8589938690,96
2147483664,6
35194035765256,64
35184372351104,24
618477420544,256
5085241278464,48
167772161,96
68853956672,128
69927469056,128
4399120515073,32
4466900205632,128
598134459727872,24
2251817010331648,24
2251799813693952,24
1099511632384,96
35253108342785,128
550829588992,128
562949953421440,18
134254656,256
68736254080,96
4415226380800,48
4466783027200,64
36283883716609,48
281475110965248,192
2286984187871240,32
35253226045440,64
17184063488,36
282093454098432,192
316676528668672,36
70368744177666,6
4947802329152,128
35185445831680,24
4947802325008,48
2281705472,16
4398046511240,48
4948876066817,64
2129936,96
558347845640,256
2286985259515912,16
8606711817,256
136609792,128
35185462870016,32
282024867004416,96
287309824,96
290271069736960,12
558345748489,256
4398046543881,128
68719513608,256
39582418632768,64
8589942792,96
282093452001281,192
1073742401,128
137438953985,96
281474980909056,72
151257096,128
567347999932928,24
281474995617792,192
2164523008,8
4947802358272,128
8594128897,96
4400193994760,8
35734128164872,64
281483566678080,192
68719738889,128
281474976776200,72
4406636707904,64
4466782797824,128
4398315208704,24
1108101562376,96
35734144679937,128
4400194256896,4
2251808407814144,24
4949010284544,64
32834,96
4947802587648,64
282041912393728,72
285950332633088,96
281476050715136,48
2287061495185408,32
550829560320,128
2251799815787008,64
2533824546209800,48
2251799813685251,4
35184506307584,48
4483945857024,48
316659483017217,96
2164260872,16
1074004033,64
2251799816048640,32
2537672853684224,24
70368744177792,6
4259840,36
598684081324032,24
77309411848,256
68719542336,96
2251799813685328,24
2162752,96
558479998976,256
567348016709632,24
39582418862592,32
281612415664640,72
2533275864137736,24
549772591176,256
4456512,48
1168231104576,96
39582420701184,64
2251868533227520,24
137455763456,96
282033322491904,192
8608813056,256
134484032,128
140509184,16
1099511889928,48
549789368328,96
17180393472,6
2260595906707520,4
316659348799553,96
137438957576,96
2256197860196872,32
5016521801736,128
281476184670272,96
2287533941588480,32
549789401088,96
69633,96
281476184670216,96
2814749901324288,12
35734262120449,128
40132191191040,64
35185445830658,24
524297,16
17179869312,36
77309706240,128
23068672,16
8858370049,96
39582420697152,64
39582418604544,64
1168231104520,96
281474976722944,12
68736262144,96
316728068538368,48
2251937386856448,24
282024732786696,96
2256266579673600,32
688268509184,48
9414568312832,16
36283883978752,24
137573171264,96
2322168557867008,4
39582435377216,64
75316546502656,8
137441051136,96
70437463658496,16
618475552832,128
35742717837320,128
549774688768,256
2252350643273728,32
2256266596450304,32
2286984202555392,32
1099513724992,96
77326188608,256
549756338184,16
2252349569507328,24
69793284096,48
618475552769,128
36283883716672,48
4406636740608,64
281543830667264,96
2286984202551297,32
1073746496,128
9663676929,128
2251868549939712,64
281475113287680,96
8592297984,128
566935687168,96
2251799813955584,12
35253108346880,128
285873023254536,96
618477388288,256
2814749767107072,12
1074266624,8
17047552,48
8724414472,128
35253091566144,128
4398063550472,64
2533274790404096,18
281483566907400,96
2252418289008640,64
2849934139195392,6
618492071936,256
8623489088,96
4466766021120,128
550829563904,48
281543830405632,192
562949970202624,48
266256,48
558346014720,128
20971584,96
50593792,8
169869312,96
549757912064,96
262161,48
1073746944,48
8589967362,96
68719510080,256
35734264217600,128
4398046544392,128
2134528,256
34359738368,1
281474976747521,192
2256197860458504,16
2251808403619856,24
2101824,256
4947802587200,64
3096224743817216,1
136318977,256
39582552817728,64
557057,16
1101659111424,6
85899345928,96
2251800887459841,32
8864812498945,16
844424930131976,4
68853731328,256
316659348803592,96
39599598469120,24
316659348799497,96
35184372088856,8
282574505115648,72
35184372355584,64
281476201447424,96
2105408,96
68719739008,48
1090785280,64
4398063288392,128
35192962023944,128
35253091860480,64
68740448256,96
68721573890,96
17301568,16
2291931988099072,16
35184374186497,128
88,16
2251799966777344,64
2286985259548672,16
4736,96
562949953425409,48
20971528,96
281476052549640,96
281474993487874,72
4460544,48
316660556759040,48
550024282112,96
68723671048,96
281474976743440,72
8606712384,256
4466784862208,128
2286984186298368,2
316659349061640,48
2251808403882496,32
8594129408,96
1074004481,64
35192962023426,48
281483700863040,192
281552286126080,192
35192964121088,128
4406636478976,128
550963773504,128
316659349323776,6
35193098338304,128
35734161457152,48
316659350896704,96
35192966217728,48
2252349569499201,64
2251868533424192,32
2252349569532416,64
1099647942656,96
2252418305753088,64
1169304846336,48
1650341183488,8
39582552850432,64
1074004992,24
281476186767360,96
35184389132288,64
558346011136,128
35184372088849,48
549755814472,256
1073811456,48
4406904881152,48
281483566646272,72
285881613189120,96
4406636707841,64
2097232,96
35184372093056,48
44530220924928,8
598134325510145,24
70377336209408,16
618477649920,128
281475110961664,192
9665773632,128
17179869256,96
281475010297856,72
1073743360,8
2287052907347968,32
4406638542849,128
2251800887427200,12
35184506339840,128
6291968,16
137438986241,96
2252358161530880,64
4535485497344,48
619549036544,128
35734127902792,128
4398063321096,128
35184506306569,128
8796093284864,8
35184372387840,64
4398046511618,48
4406638546944,128
2251808403619842,24
1099528405000,96
2251799830470656,24
282024734625792,192
32778,96
8724152840,256
550829817864,64
1107300352,48
68719575040,16
290271086510080,12
70918499991560,16
35186653790208,8
1075839552,128
4535502241792,48
281474976711233,192
618475290633,256
35184374185993,128
566935683584,96
2286984454209536,12
562958543388672,48
4194880,96
2251877139873792,64
8813272891392,6
139586437120,6
2256198936035328,16
285873023221769,96
281475245178880,72
69795577856,64
2533274792493057,48
2256197860196424,32
2251799830463040,64
550963773952,128
68855791624,256
4467839762432,64
8592035841,256
70378407854080,8
35184372089360,48
2287121624727552,12
562949955518528,48
136581120,128
137573175296,96
35185445830665,64
2097281,96
2252349571596352,64
1090555904,128
2251800889524736,32
8590196738,48
12289,16
549890032136,256
1077936129,48
39582418600512,64
35184389390336,8
549772591120,96
2251809477623808,16
618508845056,96
550041026560,96
68719743040,128
8796361457664,6
4398197506560,128
35192978800648,128
1073775168,128
16785920,96
70368744210944,16
69640,96
207232172032,8
2291450951761920,16
36283883720704,48
4535487561728,48
8590459392,16
2251802095386624,4
70437463654912,16
4194313,96
134480385,128
1090519049,128
17039376,48
8623489032,96
4475355922440,128
2147484672,6
2251937252639232,24
2252349569794048,32
70377334112768,16
6553600,8
8589938697,256
2252899325313025,24
281474977005576,96
68736319488,96
4947804454912,128
68887248896,96
2252350777458688,32
16810000,96
8592031760,96
285881613160448,96
2251799947968512,24
549892161536,256
1090519553,128
2256207523872768,16
35734127903240,128
134217738,96
2286992775708680,32
68721606720,256
2256215040065536,12
844493649608704,4
35184374186000,48
1073774608,48
1073746440,128
4398063554560,64
4232,96
2251799830528000,24
2251799813689353,64
549758435328,16
4947802325512,128
77309444160,256
281476050485312,96
68719738952,128
4947802325120,48
4398063288896,128
2251878196838400,32
567897755746304,24
69927440384,128
281474980904961,72
1075843136,128
4398046773264,24
2256206450135040,32
35736275386368,8
8804683218944,8
35184374194176,48
2256266579935232,16
35255239049216,8
69793251336,128
549772591106,96
562958543355912,48
2256266579673152,32
134287360,96
69793255424,128
281476052582400,96
2251809477394432,32
2252349569499649,64
4398180732929,128
2256197860233216,32
281475245408256,36
206160527360,16
71468255805440,6
4398180990977,64
137438953474,36
2251868533166144,64
69793480705,64
1168231108608,96
70368744439816,8
4398080065544,48
282024749301768,192
68853727296,256
550829555721,128
4466766020672,128
138416128,96
549755850753,256
17043464,128
2533283380330560,48
70061654016,48
8606715912,256
4398046543944,128
549756080640,128
2251799813722120,64
2251799847239744,24
4467839733760,64
2260595906711552,4
8796095119361,16
281543698285056,192
618475298816,96
549757919232,96
1099645849600,96
2814749767110656,12
285881613156360,96
285873025351680,96
134484480,128
136315400,256
4466782765568,128
550963806208,128
2251868533194760,64
2252349569503744,64
566935683080,96
70368763052032,16
281475110928386,72
2098177,96
8589935120,96
8589943296,96
8607236096,16
4399271247872,64
2533274792755200,24
2251868549971968,64
4398048870464,64
4398046512640,8
70368744181824,16
68719476802,96
563087392374784,18
35734127902736,48
2286984322088960,32
2533274807173632,48
2252349586280448,64
2251868550201344,32
70368895172608,16
68719476809,256
281474978807824,72
35184642621440,48
4466766250496,64
4466768084993,128
562950087639104,48
2533274790658056,24
551903330304,16
2291382232317952,16
16384,1
550963773448,128
4398063296512,48
68853694536,256
68719481345,256
35253091566081,128
69793251392,128
1073807424,48
41472,96
281543712968704,192
35194036027392,32
16811008,96
70369818181632,4
2533274792493120,48
8592035904,256
68723671552,96
4399120285760,64
549774688257,256
33816584,48
2101320,256
558479966272,256
281483567169536,12
281474997682176,72
316669012475904,48
35184372121609,128
17196646401,96
8589967425,256
35184372122113,128
2251808537841664,64
262147,8
1107296768,48
4956392259592,128
5566277615616,48
134225928,96
2533283380334592,48
8796093284416,8
69793219584,48
285873040031744,96
206175207424,16
40133248155648,32
1099545182208,36
4398048641032,128
35184640524296,48
68736254472,256
35253225816064,128
316659349061633,48
2252349569531912,64
2251799830728704,32
4947936804864,64
77309448192,256
4398050738176,48
2251799817880064,24
4398046773250,24
35184405643328,48
16777289,256
2568459162488832,24
35184506306576,48
549755818056,256
281543698284545,192
4398317043712,48
2533343510134784,24
1075838985,128
134742080,16
627065487360,128
281474976711184,72
558346010688,128
4406670000128,48
2252899342090240,24
1107558400,24
78383157248,128
2251800887427081,32
2568459296702464,24
281483566645264,72
2251809494138880,32
69793513472,64
281474993491976,192
68719480904,256
68853694529,256
268440064,96
9680453640,128
39582418600960,24
69793218576,48
549806145536,16
2252351716982784,4
2251799813686280,24
2251808672055296,24
68769808384,16
77443629568,256
4398046544385,128
281475113025544,192
68719739456,128
9663676488,128
549760008256,96
8589935176,256
281476184932352,48
4399120289792,64
35185446354944,4
558348107776,128
4398182825992,128
4947936575488,128
17330864128,96
35184372101120,8
2256197862293568,32
2251885713031168,24
1075840000,48
2251808403652672,64
627067322368,256
281474978840577,192
8726249984,256
549755879425,96
2603643534573568,3
68736548864,128
17072136,128
35184388866113,128
4398314946568,48
68736253954,96
2251799947903041,64
550831652865,128
2533274790432768,48
68719480841,256
281476067230208,96
282024732590080,72
9680715776,64
316659367673856,96
2533824546209856,48
419430400,16
282093586219008,192
1074004544,64
1073741841,48
2251799813697536,4
282024734883840,96
35185445830784,24
2287602661064704,32
35184374186504,128
70368744439809,8
35184390995968,128
8796093054977,16
281474993496064,72
1090781696,64
281474978844672,192
4399122612224,32
35184510500864,48
4467973947392,64
2568467752419328,24
1100602146816,48
4956526477312,128
4400328212480,8
549755813905,96
550829592576,128
8858374144,96
281483566907393,96
16778241,96
1090523648,128
4398063288448,48
281474979069953,96
282025806299136,96
35185580310528,32
8589939712,96
285873025318976,96
35321811075072,48
134218249,256
549762105344,16
17316184064,96
2251800920981504,12
2291382249062400,16
558347845696,256
281483570839552,72
2251799813980161,32
2533274790395906,18
4535619682304,48
8264,96
35184388931584,48
1090519168,48
70866960448,16
4398046576641,48
134512641,128
8320,36
281474976973376,96
549755879936,96
1107296264,48
35193096245248,128
39591008567296,64
35184388870145,128
70368760987648,16
316660422541320,48
78517370880,128
26843545600,8
550829555777,128
321057395314688,48
281484640387136,96
2256197860200456,32
8796227240000,16
1107296257,48
33849344,48
36352603193344,48
262273,48
85916123136,96
4398063583232,64
134483976,128
2359298,48
137,96
2147745793,8
281475110936576,72
755914244096,16
558345749000,256
2533274790395913,48
2291383306027008,8
68853702656,96
35192962023433,128
68719477257,256
2256266579673089,32
35734127906824,128
18874440,256
529,96
317209121390592,96
68753031169,96
134479937,128
2533352099807232,48
8726253568,256
2251869606907904,32
25769804288,16
281543696192000,192